#     Density Matrix: population Re; see the manual for detail orders
        0     0.00000000     0.00000000     1.00000000
        1     0.00000001     0.00000240     0.99999759
        2     0.00000011     0.00005066     0.99994923
        3     0.00000033     0.02514464     0.97485503
        4     0.00000048     0.09955061     0.90044891
        5     0.00000041     0.04414879     0.95585080
        6     0.00000000     0.00000000     1.00000000
        7     0.00000170     0.05425416     0.94574414
        8     0.00000583     0.24706580     0.75292837
        9     0.00000646     0.45004743     0.54994611
       10     0.00000256     0.83339618     0.16660126
       11     0.00000089     0.94045441     0.05954470
       12     0.00000336     0.76887487     0.23112177
       13     0.00000847     0.70919644     0.29079510
       14     0.00001298     0.62519381     0.37479321
       15     0.00001333     0.59719672     0.40278995
       16     0.00001275     0.61825134     0.38173591
       17     0.00002204     0.70552123     0.29445673
       18     0.00003712     0.86153203     0.13843085
       19     0.00000000     1.00000000     0.00000000
       20     0.00002891     0.96312588     0.03684521
       21     0.00005892     0.92379491     0.07614618
       22     0.00005295     0.90873362     0.09121343
       23     0.00003229     0.89348533     0.10648238
       24     0.00002155     0.87828991     0.12168854
       25     0.00003456     0.86360012     0.13636532
       26     0.00005866     0.84904644     0.15089491
       27     0.00006668     0.83440742     0.16552590
       28     0.00004842     0.81971542     0.18023616
       29     0.00002347     0.80485804     0.19511849
       30     0.00001944     0.78978945     0.21019112
       31     0.00003900     0.77601369     0.22394731
       32     0.00006234     0.76366618     0.23627148
       33     0.00006413     0.75256941     0.24736646
       34     0.00004348     0.74296888     0.25698764
       35     0.00001530     0.73696257     0.26302213
       36     0.00001166     0.73656870     0.26341964
       37     0.00004035     0.74023935     0.25972030
       38     0.00006921     0.74724113     0.25268966
       39     0.00006856     0.75668374     0.24324770
       40     0.00004232     0.76862484     0.23133285
       41     0.00002171     0.78493975     0.21503854
       42     0.00001435     0.80641954     0.19356611
       43     0.00002099     0.82971736     0.17026165
       44     0.00003429     0.85075891     0.14920680
       45     0.00004268     0.86952467     0.13043264
       46     0.00003959     0.88870252     0.11125790
       47     0.00002597     0.90610696     0.09386707
       48     0.00001365     0.91948055     0.08050580
       49     0.00001156     0.93059003     0.06939841
       50     0.00002493     0.94138248     0.05859259
       51     0.00004358     0.94971083     0.05024560
       52     0.00005258     0.95676142     0.04318600
       53     0.00004589     0.96364873     0.03630538
       54     0.00002627     0.96939721     0.03057652
       55     0.00000996     0.97399030     0.02599974
       56     0.00000828     0.97748402     0.02250771
       57     0.00000000     1.00000000     0.00000000
       58     0.00000455     0.99996413     0.00003132
       59     0.00001594     0.99986305     0.00012101
       60     0.00002538     0.99969771     0.00027691
       61     0.00002648     0.99952403     0.00044949
       62     0.00001949     0.99939207     0.00058845
       63     0.00000898     0.99925930     0.00073172
       64     0.00000304     0.99912533     0.00087163
       65     0.00000446     0.99899274     0.00100280
       66     0.00001238     0.99887252     0.00111510
       67     0.00002202     0.99877746     0.00120052
       68     0.00002699     0.99871961     0.00125339
       69     0.00002429     0.99870737     0.00126834
       70     0.00001489     0.99874303     0.00124208
       71     0.00000493     0.99881900     0.00117607
       72     0.00000096     0.99892666     0.00107238
       73     0.00000546     0.99906505     0.00092949
       74     0.00001629     0.99922469     0.00075902
       75     0.00002785     0.99938808     0.00058407
       76     0.00003358     0.99954867     0.00041775
       77     0.00003011     0.99970441     0.00026548
       78     0.00001934     0.99983824     0.00014243
       79     0.00000744     0.99993823     0.00005434
       80     0.00000078     0.99999254     0.00000668
       81     0.00000128     0.99998757     0.00001115
       82     0.00000539     0.99994954     0.00004507
       83     0.00001124     0.99988946     0.00009930
       84     0.00001588     0.99981496     0.00016916
       85     0.00001673     0.99972665     0.00025661
       86     0.00001338     0.99962963     0.00035699
       87     0.00000718     0.90654442     0.09344841
       88     0.00000170     0.89830726     0.10169104
       89     0.00000008     0.96527104     0.03472888
       90     0.00000277     0.96600327     0.03399396
       91     0.00000833     0.96712736     0.03286431
       92     0.00001428     0.96860540     0.03138032
       93     0.00001815     0.97032170     0.02966015
       94     0.00001835     0.97224292     0.02773873
       95     0.00001467     0.97404169     0.02594365
       96     0.00000876     0.97548823     0.02450301
       97     0.00000293     0.97644667     0.02355041
       98     0.00000003     0.97678535     0.02321462
       99     0.00000246     0.97651780     0.02347973
      100     0.00001082     0.97565682     0.02433235
      101     0.00001938     0.97469603     0.02528459
      102     0.00002330     0.97392048     0.02605622
      103     0.00002258     0.97314666     0.02683075
      104     0.00001756     0.97252315     0.02745928
      105     0.00001100     0.97222186     0.02776714
      106     0.00000495     0.97233301     0.02766204
      107     0.00000171     0.97295834     0.02703995
      108     0.00000305     0.97406740     0.02592956
      109     0.00000832     0.97561345     0.02437823
      110     0.00001559     0.97748723     0.02249718
      111     0.00002241     0.97949993     0.02047766
      112     0.00000000     1.00000000     0.00000000
      113     0.00000155     0.99996483     0.00003362
      114     0.00000513     0.99986354     0.00013134
      115     0.00000944     0.99969919     0.00029136
      116     0.00001372     0.99949192     0.00049436
      117     0.00001588     0.93946751     0.06051661
      118     0.00001518     0.79288185     0.20710297
      119     0.00001116     0.79016240     0.20982644
      120     0.00000589     0.78044869     0.21954542
      121     0.00000255     0.75553745     0.24446001
      122     0.00000116     0.71829036     0.28170848
      123     0.00000147     0.66235253     0.33764600
      124     0.00000281     0.57621734     0.42377985
      125     0.00000349     0.44431417     0.55568234
      126     0.00000293     0.26687228     0.73312478
      127     0.00000182     0.10769398     0.89230420
      128     0.00000118     0.02987005     0.97012878
      129     0.00000000     0.00000000     1.00000000
      130     0.00000189     0.00000116     0.99999696
      131     0.00000647     0.00000896     0.99998457
      132     0.00000906     0.00001223     0.99997871
      133     0.00000833     0.00001288     0.99997880
      134     0.00000523     0.00001648     0.99997828
      135     0.00000224     0.00001977     0.99997799
      136     0.00000146     0.00002399     0.99997456
      137     0.00000304     0.00002958     0.99996738
      138     0.00000592     0.00003709     0.99995699
      139     0.00000816     0.00004734     0.99994449
      140     0.00000828     0.00006119     0.99993053
      141     0.00000666     0.00007394     0.99991940
      142     0.00000473     0.00008054     0.99991473
      143     0.00000330     0.00008268     0.99991402
      144     0.00000336     0.00008012     0.99991652
      145     0.00000532     0.00007393     0.99992075
      146     0.00000805     0.00006334     0.99992861
      147     0.00000955     0.00004951     0.99994095
      148     0.00000917     0.00003881     0.99995202
      149     0.00000706     0.00003097     0.99996197
      150     0.00000470     0.00002992     0.99996538
      151     0.00000316     0.00004281     0.99995404
      152     0.00000335     0.00007235     0.99992430
      153     0.00000517     0.00011873     0.99987610
      154     0.00000758     0.00017989     0.99981253
      155     0.00000923     0.00025157     0.99973920
      156     0.00000922     0.00032772     0.99966306
      157     0.00000760     0.00040123     0.99959118
      158     0.00000526     0.00046485     0.99952989
      159     0.00000345     0.00051223     0.99948433
      160     0.00000306     0.00053885     0.99945808
      161     0.00000399     0.00053898     0.99945704
      162     0.00000530     0.00050767     0.99948703
      163     0.00000653     0.00044570     0.99954778
      164     0.00000704     0.00036048     0.99963248
      165     0.00000654     0.00026305     0.99973040
      166     0.00000513     0.00017913     0.99981575
      167     0.00000389     0.00011034     0.99988577
      168     0.00000316     0.00004786     0.99994897
      169     0.00000317     0.00000672     0.99999011
      170     0.00000395     0.00000666     0.99998940
      171     0.00000478     0.00004085     0.99995437
      172     0.00000552     0.00011482     0.99987967
      173     0.00000582     0.00022212     0.99977206
      174     0.00000574     0.03803826     0.96195600
      175     0.00000441     0.15362184     0.84637375
      176     0.00000163     0.05093115     0.94906722
      177     0.00000087     0.03326308     0.96673605
      178     0.00000401     0.06251401     0.93748199
      179     0.00000978     0.03507198     0.96491824
      180     0.00000000     0.00000000     1.00000000
      181     0.00000001     0.00000012     0.99999987
      182     0.00000002     0.00000007     0.99999990
      183     0.00000004     0.00000006     0.99999989
      184     0.00000009     0.05420979     0.94579012
      185     0.00000018     0.05824521     0.94175461
      186     0.00000023     0.02044628     0.97955349
      187     0.00000000     0.00000000     1.00000000
      188     0.00000003     0.05816567     0.94183429
      189     0.00000020     0.06302537     0.93697443
      190     0.00000066     0.02154010     0.97845924
      191     0.00000000     0.00000000     1.00000000
      192     0.00000017     0.00000066     0.99999916
      193     0.00000066     0.00000188     0.99999746
      194     0.00000134     0.00000397     0.99999469
      195     0.00000199     0.00000707     0.99999094
      196     0.00000242     0.00001120     0.99998637
      197     0.00000258     0.00001762     0.99997980
      198     0.00000254     0.06996248     0.93003498
      199     0.00000191     0.25625154     0.74374655
      200     0.00000160     0.25421477     0.74578363
      201     0.00000293     0.14210337     0.85789370
      202     0.00000749     0.15929696     0.84069555
      203     0.00001551     0.13181678     0.86816771
      204     0.00002491     0.10454106     0.89543404
      205     0.00003261     0.07701334     0.92295405
      206     0.00003753     0.05382137     0.94614109
      207     0.00003725     0.03705116     0.96291159
      208     0.00003226     0.02540391     0.97456382
      209     0.00000000     0.00000000     1.00000000
      210     0.00000387     0.00000768     0.99998844
      211     0.00001469     0.00003219     0.99995313
      212     0.00002965     0.00007435     0.99989599
      213     0.00004021     0.07918328     0.92077651
      214     0.00003978     0.08909590     0.91086431
      215     0.00003332     0.03209730     0.96786938
      216     0.00002311     0.03214631     0.96783058
      217     0.00001365     0.03269784     0.96728850
      218     0.00000849     0.03430726     0.96568426
      219     0.00000000     0.00000000     1.00000000
      220     0.00000326     0.00097465     0.99902210
      221     0.00002003     0.06970830     0.93027168
      222     0.00000000     0.00000000     1.00000000
      223     0.00000286     0.00092936     0.99906778
      224     0.00001875     0.06477114     0.93521012
      225     0.00004775     0.06207426     0.93787799
      226     0.00008303     0.06018632     0.93973065
      227     0.00011739     0.06022929     0.93965331
      228     0.00014048     0.10479548     0.89506404
      229     0.00014956     0.11085679     0.88899365
      230     0.00013487     0.12967104     0.87019409
      231     0.00014091     0.36330802     0.63655107
      232     0.00016551     0.42018204     0.57965245
      233     0.00020881     0.37182301     0.62796818
      234     0.00028093     0.41422222     0.58549685
      235     0.00041846     0.47922570     0.52035585
      236     0.00061298     0.61888678     0.38050025
      237     0.00088142     0.80248297     0.19663561
      238     0.00118916     0.83378547     0.16502536
      239     0.00150412     0.74455630     0.25393958
      240     0.00182492     0.79920150     0.19897358
      241     0.00207298     0.89535430     0.10257272
      242     0.00224187     0.89682637     0.10093177
      243     0.00240541     0.90336618     0.09422841
      244     0.00253880     0.92343407     0.07402712
      245     0.00264126     0.91954226     0.07781648
      246     0.00273232     0.91603087     0.08123682
      247     0.00281892     0.94048332     0.05669776
      248     0.00289792     0.97627786     0.02082422
      249     0.00000000     1.00000000     0.00000000
      250     0.00002377     0.99962145     0.00035479
      251     0.00009085     0.99975739     0.00015176
      252     0.00020247     0.99946665     0.00033088
      253     0.00036648     0.99802809     0.00160543
      254     0.00056675     0.99921401     0.00021924
      255     0.00078977     0.99666221     0.00254802
      256     0.00103841     0.99544494     0.00351664
      257     0.00130475     0.99427635     0.00441890
      258     0.00159322     0.99332563     0.00508115
      259     0.00190093     0.99264871     0.00545037
      260     0.00222224     0.99232779     0.00544997
      261     0.00250135     0.99235251     0.00514615
      262     0.00272178     0.99260500     0.00467322
      263     0.00291739     0.99301294     0.00406967
      264     0.00308027     0.99341432     0.00350542
      265     0.00320451     0.99371717     0.00307833
      266     0.00328819     0.99389285     0.00281896
      267     0.00333275     0.99390265     0.00276460
      268     0.00334185     0.99376306     0.00289509
      269     0.00332141     0.99354185     0.00313674
      270     0.00327634     0.99329935     0.00342431
      271     0.00320153     0.99269670     0.00410177
      272     0.00308815     0.99210792     0.00480393
      273     0.00295091     0.96200083     0.03504826
      274     0.00278638     0.84414126     0.15307235
      275     0.00259144     0.84105700     0.15635156
      276     0.00237812     0.83990174     0.15772014
      277     0.00210428     0.84110286     0.15679286
      278     0.00184714     0.84742971     0.15072316
      279     0.00164344     0.85610468     0.14225188
      280     0.00145034     0.86428671     0.13426295
      281     0.00129138     0.87283856     0.12587006
      282     0.00116010     0.88128743     0.11755247
      283     0.00102533     0.88984358     0.10913108
      284     0.00088636     0.89824200     0.10087165
      285     0.00074548     0.90636243     0.09289209
      286     0.00060975     0.91428531     0.08510494
      287     0.00048251     0.92130253     0.07821495
      288     0.00037692     0.92785505     0.07176803
      289     0.00029855     0.93517700     0.06452444
      290     0.00024249     0.94262951     0.05712800
      291     0.00020698     0.94965849     0.05013454
      292     0.00018969     0.95757842     0.04223188
      293     0.00019317     0.96630456     0.03350227
      294     0.00021453     0.97201474     0.02777073
      295     0.00025679     0.97528252     0.02446069
      296     0.00032394     0.97780037     0.02187569
      297     0.00042053     0.97956633     0.02001315
      298     0.00000000     1.00000000     0.00000000
      299     0.00001012     0.99996840     0.00002147
      300     0.00004935     0.99973954     0.00021111
      301     0.00010712     0.99917482     0.00071807
      302     0.00015959     0.99869953     0.00114089
      303     0.00022164     0.99837109     0.00140727
      304     0.00028945     0.99821070     0.00149985
      305     0.00036507     0.99823946     0.00139548
      306     0.00044848     0.99843905     0.00111247
      307     0.00053953     0.99874922     0.00071126
      308     0.00063762     0.99905781     0.00030457
      309     0.00074358     0.99920210     0.00005431
      310     0.00085840     0.99902118     0.00012042
      311     0.00097988     0.99842479     0.00059533
      312     0.00110906     0.99743224     0.00145869
      313     0.00124736     0.99618302     0.00256962
      314     0.00139321     0.99494389     0.00366289
      315     0.00154681     0.99404006     0.00441314
      316     0.00170874     0.99372759     0.00456367
      317     0.00188008     0.99408407     0.00403585
      318     0.00205730     0.99494026     0.00300244
      319     0.00224605     0.99595927     0.00179468
      320     0.00245300     0.99675487     0.00079212
      321     0.00262555     0.99701289     0.00036155
      322     0.00274631     0.99702004     0.00023365
      323     0.00284844     0.99693615     0.00021541
      324     0.00292922     0.99682670     0.00024408
      325     0.00298633     0.99674941     0.00026427
      326     0.00301819     0.99673175     0.00025006
      327     0.00302440     0.99676384     0.00021177
      328     0.00300619     0.99680686     0.00018694
      329     0.00296714     0.99681203     0.00022083
      330     0.00291395     0.99674179     0.00034426
      331     0.00285763     0.99658383     0.00055854
      332     0.00281446     0.99635749     0.00082805
      333     0.00281101     0.99608310     0.00110588
      334     0.00288068     0.99575006     0.00136926
      335     0.00306676     0.99534666     0.00158658
      336     0.00341945     0.99493404     0.00164652
      337     0.00398508     0.99452584     0.00148908
      338     0.00478586     0.99381620     0.00139794
      339     0.00578935     0.99237891     0.00183175
      340     0.00687650     0.99039647     0.00272703
      341     0.00762297     0.98914652     0.00323052
      342     0.00770460     0.98902791     0.00326749
      343     0.00709315     0.98955232     0.00335453
      344     0.00572942     0.99062924     0.00364134
      345     0.00384101     0.99323018     0.00292881
      346     0.00216502     0.99564128     0.00219370
      347     0.00155781     0.97538454     0.02305765
      348     0.00190686     0.93742734     0.06066579
      349     0.00234754     0.91909136     0.07856110
      350     0.00220546     0.83997808     0.15781647
      351     0.00131853     0.72028317     0.27839829
      352     0.00215485     0.70758494     0.29026021
      353     0.00671882     0.66559733     0.32768385
      354     0.00924687     0.62137592     0.36937721
      355     0.00764747     0.60614456     0.38620797
      356     0.00143143     0.57180419     0.42676437
      357     0.00195886     0.53347994     0.46456120
      358     0.00302419     0.49643764     0.50053817
      359     0.00196100     0.40668650     0.59135250
      360     0.00169440     0.57923085     0.41907475
      361     0.00966668     0.63325183     0.35708149
      362     0.00967890     0.53561547     0.45470563
      363     0.00485900     0.33831701     0.65682399
      364     0.00087178     0.23136241     0.76776581
      365     0.00003382     0.19516742     0.80479876
      366     0.00001444     0.09868017     0.90130540
      367     0.00005952     0.04694519     0.95299530
      368     0.00029173     0.04279576     0.95691251
      369     0.00079615     0.02025628     0.97894757
      370     0.00000000     0.00000000     1.00000000
      371     0.00000047     0.00014651     0.99985301
      372     0.00000213     0.00008701     0.99991086
      373     0.00000371     0.00093108     0.99906521
      374     0.00000258     0.00515365     0.99484377
      375     0.00000523     0.00816656     0.99182820
      376     0.00001605     0.00785321     0.99213074
      377     0.00003060     0.01026678     0.98970262
      378     0.00004617     0.01340980     0.98654403
      379     0.00005544     0.01477821     0.98516635
      380     0.00005360     0.01450492     0.98544149
      381     0.00004327     0.01564295     0.98431379
      382     0.00002860     0.01957285     0.98039855
      383     0.00001439     0.02270087     0.97728474
      384     0.00000692     0.02250516     0.97748792
      385     0.00000852     0.02215242     0.97783906
      386     0.00001670     0.02323057     0.97675273
      387     0.00002827     0.02646791     0.97350382
      388     0.00004154     0.02757120     0.97238726
      389     0.00005697     0.02485934     0.97508369
      390     0.00000000     0.00000000     1.00000000
      391     0.00000050     0.00002048     0.99997902
      392     0.00000134     0.00002223     0.99997643
      393     0.00000207     0.00002993     0.99996800
      394     0.00000266     0.00015086     0.99984648
      395     0.00000245     0.00047672     0.99952083
      396     0.00000148     0.00089092     0.99910760
      397     0.00000039     0.00116281     0.99883680
      398     0.00000006     0.00116584     0.99883410
      399     0.00000102     0.00101900     0.99897998
      400     0.00000305     0.00089039     0.99910656
      401     0.00000496     0.00080105     0.99919399
      402     0.00000588     0.00073656     0.99925756
      403     0.00000588     0.00077553     0.99921860
      404     0.00000527     0.00100762     0.99898711
      405     0.00000458     0.00140344     0.99859198
      406     0.00000418     0.00176751     0.99822831
      407     0.00000400     0.00183740     0.99815860
      408     0.00000380     0.00184450     0.99815171
      409     0.00000377     0.00154540     0.99845083
      410     0.00000343     0.00141461     0.99858196
      411     0.00000284     0.00144175     0.99855542
      412     0.00000201     0.00136100     0.99863698
      413     0.00000157     0.00135554     0.99864290
      414     0.00000181     0.00132072     0.99867747
      415     0.00000289     0.00134256     0.99865455
      416     0.00000458     0.00143046     0.99856496
      417     0.00000628     0.00149484     0.99849889
      418     0.00000739     0.00160764     0.99838497
      419     0.00000891     0.00215529     0.99783580
      420     0.00001103     0.00265456     0.99733441
      421     0.00001189     0.00286621     0.99712190
      422     0.00001201     0.00286684     0.99712115
      423     0.00001272     0.00273662     0.99725066
      424     0.00001452     0.00263254     0.99735294
      425     0.00001523     0.00269186     0.99729291
      426     0.00001392     0.00272450     0.99726158
      427     0.00001044     0.00264114     0.99734843
      428     0.00000629     0.00243556     0.99755815
      429     0.00000445     0.00245392     0.99754163
      430     0.00000358     0.00254968     0.99744673
      431     0.00000236     0.00252099     0.99747665
      432     0.00000120     0.00233902     0.99765978
      433     0.00000038     0.00212100     0.99787862
      434     0.00000018     0.00193018     0.99806964
      435     0.00000004     0.00191553     0.99808443
      436     0.00000003     0.00210922     0.99789075
      437     0.00000013     0.00234697     0.99765290
      438     0.00000016     0.00250239     0.99749745
      439     0.00000017     0.00253047     0.99746936
      440     0.00000023     0.00248019     0.99751958
      441     0.00000027     0.00240859     0.99759115
      442     0.00000023     0.00230290     0.99769687
      443     0.00000042     0.00225538     0.99774420
      444     0.00000097     0.00232730     0.99767173
      445     0.00000184     0.00257653     0.99742164
      446     0.00000316     0.00299150     0.99700534
      447     0.00000517     0.00327672     0.99671811
      448     0.00000799     0.00310952     0.99688250
      449     0.00001136     0.00254281     0.99744583
      450     0.00001493     0.00194580     0.99803927
      451     0.00001727     0.00164759     0.99833514
      452     0.00001759     0.00166362     0.99831879
      453     0.00001598     0.00176335     0.99822067
      454     0.00001267     0.00178480     0.99820253
      455     0.00000992     0.00175417     0.99823590
      456     0.00000759     0.00167139     0.99832102
      457     0.00000636     0.00137609     0.99861755
      458     0.00000653     0.00117819     0.99881528
      459     0.00000644     0.00099047     0.99900309
      460     0.00000858     0.00089797     0.99909344
      461     0.00001410     0.00089114     0.99909477
      462     0.00001692     0.00096818     0.99901490
      463     0.00001566     0.00119292     0.99879143
      464     0.00001096     0.00133916     0.99864988
      465     0.00000720     0.00133654     0.99865626
      466     0.00000588     0.00362191     0.99637221
      467     0.00000591     0.00796413     0.99202996
      468     0.00000972     0.00787221     0.99211806
      469     0.00002049     0.00788156     0.99209795
      470     0.00003794     0.00823292     0.99172915
      471     0.00006720     0.00884805     0.99108474
      472     0.00010260     0.00914616     0.99075124
      473     0.00013252     0.00906382     0.99080366
      474     0.00014537     0.00874234     0.99111229
      475     0.00013733     0.00865965     0.99120301
      476     0.00010935     0.00863346     0.99125718
      477     0.00006777     0.00862733     0.99130490
      478     0.00002514     0.00862402     0.99135084
      479     0.00001958     0.00964995     0.99033047
      480     0.00006079     0.01104757     0.98889164
      481     0.00011228     0.01118945     0.98869826
      482     0.00014288     0.01049516     0.98936196
      483     0.00014297     0.01058411     0.98927292
      484     0.00011645     0.01202168     0.98786187
      485     0.00006182     0.01322268     0.98671550
      486     0.00001835     0.01262208     0.98735957
      487     0.00004951     0.01202266     0.98792784
      488     0.00012775     0.01175845     0.98811380
      489     0.00018192     0.01170572     0.98811236
      490     0.00017559     0.01172475     0.98809967
      491     0.00011276     0.01186107     0.98802617
      492     0.00003731     0.01161539     0.98834730
      493     0.00000796     0.01137314     0.98861889
      494     0.00004776     0.01210866     0.98784358
      495     0.00013434     0.01583285     0.98403280
      496     0.00018591     0.01761202     0.98220207
      497     0.00017171     0.01729795     0.98253035
      498     0.00011719     0.01817095     0.98171186
      499     0.00005336     0.02382959     0.97611705
      500     0.00000514     0.03171863     0.96827624
      501     0.00003443     0.03272473     0.96724084
      502     0.00013785     0.02889717     0.97096497
      503     0.00000000     0.00000000     1.00000000
      504     0.00000011     0.00006839     0.99993150
      505     0.00000015     0.00145700     0.99854285
      506     0.00000006     0.00134533     0.99865461
      507     0.00000087     0.00136521     0.99863393
      508     0.00000364     0.00161632     0.99838004
      509     0.00000833     0.00193757     0.99805409
      510     0.00001593     0.00222240     0.99776167
      511     0.00002698     0.00235433     0.99761870
      512     0.00003556     0.00214470     0.99781975
      513     0.00003913     0.00190113     0.99805975
      514     0.00003474     0.00163781     0.99832745
      515     0.00003144     0.00153155     0.99843701
      516     0.00003158     0.00153265     0.99843576
      517     0.00003239     0.00145186     0.99851574
      518     0.00003254     0.00115711     0.99881034
      519     0.00003115     0.00073089     0.99923796
      520     0.00002676     0.00063804     0.99933520
      521     0.00002089     0.00064185     0.99933726
      522     0.00001609     0.00063014     0.99935377
      523     0.00001383     0.00066363     0.99932254
      524     0.00001241     0.00069583     0.99929176
      525     0.00001135     0.00070714     0.99928151
      526     0.00001068     0.00080882     0.99918050
      527     0.00001042     0.00096151     0.99902807
      528     0.00001021     0.00107848     0.99891131
      529     0.00000999     0.00113311     0.99885691
      530     0.00000905     0.00107520     0.99891575
      531     0.00000871     0.00093163     0.99905966
      532     0.00000889     0.00074848     0.99924263
      533     0.00001014     0.00060459     0.99938527
      534     0.00001281     0.00059816     0.99938903
      535     0.00001658     0.00080533     0.99917809
      536     0.00002033     0.00121974     0.99875993
      537     0.00002258     0.00165394     0.99832348
      538     0.00002364     0.00191803     0.99805833
      539     0.00002354     0.00187495     0.99810151
      540     0.00002415     0.00156100     0.99841484
      541     0.00002492     0.00108949     0.99888558
      542     0.00002510     0.00061192     0.99936297
      543     0.00002573     0.00044989     0.99952439
      544     0.00002600     0.00047020     0.99950379
      545     0.00002497     0.00062035     0.99935468
      546     0.00002448     0.00080138     0.99917414
      547     0.00002516     0.00087834     0.99909650
      548     0.00002659     0.00089246     0.99908095
      549     0.00002853     0.00088349     0.99908798
      550     0.00003001     0.00090142     0.99906857
      551     0.00002951     0.00096006     0.99901043
      552     0.00002711     0.00102587     0.99894702
      553     0.00002449     0.00104312     0.99893238
      554     0.00002323     0.00104263     0.99893414
      555     0.00002434     0.00103080     0.99894486
      556     0.00002857     0.00100927     0.99896216
      557     0.00003337     0.00103538     0.99893126
      558     0.00003758     0.00103448     0.99892794
      559     0.00003991     0.00092588     0.99903421
      560     0.00003949     0.00079675     0.99916376
      561     0.00003850     0.00066102     0.99930048
      562     0.00003567     0.00054074     0.99942359
      563     0.00003386     0.00061454     0.99935161
      564     0.00003639     0.00093341     0.99903020
      565     0.00004366     0.00136684     0.99858950
      566     0.00005285     0.00160972     0.99833743
      567     0.00005821     0.00163563     0.99830616
      568     0.00005680     0.00156238     0.99838082
      569     0.00004854     0.00416200     0.99578946
      570     0.00003564     0.00612978     0.99383457
      571     0.00002457     0.00490932     0.99506611
      572     0.00001902     0.00496906     0.99501192
      573     0.00001660     0.00534596     0.99463744
      574     0.00001805     0.00523981     0.99474215
      575     0.00002179     0.00457578     0.99540243
      576     0.00002761     0.00476673     0.99520565
      577     0.00003464     0.00595593     0.99400944
      578     0.00003828     0.00438362     0.99557810
      579     0.00003608     0.00348829     0.99647564
      580     0.00002812     0.00343975     0.99653213
      581     0.00001637     0.00397514     0.99600849
      582     0.00000928     0.00452626     0.99546445
      583     0.00000824     0.00480585     0.99518591
      584     0.00001679     0.00486589     0.99511732
      585     0.00003192     0.00498615     0.99498193
      586     0.00004443     0.00562871     0.99432686
      587     0.00004606     0.00680818     0.99314576
      588     0.00003616     0.00759082     0.99237302
      589     0.00002120     0.00769899     0.99227982
      590     0.00001170     0.00747796     0.99251034
      591     0.00001965     0.02896212     0.97101823
      592     0.00006919     0.06731814     0.93261267
      593     0.00014792     0.06779298     0.93205910
      594     0.00021535     0.06683935     0.93294530
      595     0.00024993     0.06662396     0.93312611
      596     0.00024542     0.06426127     0.93549331
      597     0.00021225     0.05814675     0.94164101
      598     0.00016725     0.05041049     0.94942226
      599     0.00011871     0.04455543     0.95532586
      600     0.00007039     0.04004969     0.95987991
      601     0.00002671     0.03210400     0.96786929
      602     0.00000935     0.02675996     0.97323068
      603     0.00002396     0.02401625     0.97595979
      604     0.00005827     0.02042092     0.97952082
      605     0.00000000     0.00000000     1.00000000
      606     0.00000108     0.00000102     0.99999790
      607     0.00000349     0.00011801     0.99987850
      608     0.00000366     0.00159817     0.99839817
      609     0.00000415     0.00577852     0.99421733
      610     0.00003220     0.00993320     0.99003459
      611     0.00008474     0.01094977     0.98896549
      612     0.00014289     0.01838928     0.98146783
      613     0.00018009     0.02329939     0.97652052
      614     0.00016960     0.02397973     0.97585067
      615     0.00011008     0.02501763     0.97487228
      616     0.00003332     0.03634011     0.96362658
      617     0.00008338     0.04432098     0.95559564
      618     0.00031092     0.04384845     0.95584062
      619     0.00052508     0.05455851     0.94491642
      620     0.00063151     0.07302597     0.92634252
      621     0.00056994     0.08952112     0.90990894
      622     0.00030863     0.10355728     0.89613408
      623     0.00004822     0.10229254     0.89765925
      624     0.00005042     0.08940540     0.91054419
      625     0.00026945     0.09591392     0.90381663
      626     0.00052007     0.09063912     0.90884081
      627     0.00066441     0.07863947     0.92069612
      628     0.00068905     0.06722454     0.93208641
      629     0.00061482     0.06286253     0.93652266
      630     0.00045723     0.07218296     0.92735981
      631     0.00023972     0.09311828     0.90664200
      632     0.00007258     0.11697882     0.88294860
      633     0.00005527     0.18016693     0.81977779
      634     0.00023849     0.30818431     0.69157720
      635     0.00061573     0.52472784     0.47465643
      636     0.00102046     0.66083318     0.33814636
      637     0.00123520     0.73858570     0.26017911
      638     0.00116257     0.78081051     0.21802692
      639     0.00085454     0.80663708     0.19250838
      640     0.00045085     0.82085855     0.17869061
      641     0.00014291     0.81607205     0.18378504
      642     0.00000646     0.79327674     0.20671680
      643     0.00008787     0.75185209     0.24806004
      644     0.00042574     0.69322611     0.30634815
      645     0.00099020     0.58907997     0.40992983
      646     0.00165018     0.37809857     0.62025125
      647     0.00216610     0.11718435     0.88064955
      648     0.00000000     0.00000000     1.00000000
      649     0.00000035     0.00016537     0.99983428
      650     0.00000094     0.00029661     0.99970245
      651     0.00000135     0.00028914     0.99970951
      652     0.00000143     0.00034757     0.99965100
      653     0.00000125     0.00055604     0.99944272
      654     0.00000109     0.00094377     0.99905514
      655     0.00000125     0.00131718     0.99868156
      656     0.00000193     0.00139107     0.99860701
      657     0.00000246     0.00155297     0.99844457
      658     0.00000271     0.00135195     0.99864534
      659     0.00000222     0.00125171     0.99874607
      660     0.00000259     0.00134655     0.99865086
      661     0.00000522     0.00129516     0.99869962
      662     0.00000921     0.00105549     0.99893530
      663     0.00001314     0.00072610     0.99926077
      664     0.00001513     0.00055101     0.99943386
      665     0.00001432     0.00067354     0.99931214
      666     0.00001075     0.00104988     0.99893937
      667     0.00000648     0.00169429     0.99829923
      668     0.00000557     0.00229418     0.99770026
      669     0.00001010     0.00241129     0.99757860
      670     0.00001876     0.00213445     0.99784679
      671     0.00002712     0.00173949     0.99823340
      672     0.00003032     0.00145668     0.99851300
      673     0.00002627     0.00135035     0.99862338
      674     0.00001727     0.00135033     0.99863240
      675     0.00000856     0.00136184     0.99862960
      676     0.00000507     0.00134674     0.99864819
      677     0.00000702     0.00142735     0.99856563
      678     0.00000976     0.00149193     0.99849831
      679     0.00001223     0.00144742     0.99854035
      680     0.00001306     0.00131386     0.99867308
      681     0.00001068     0.00112782     0.99886150
      682     0.00000586     0.00099741     0.99899673
      683     0.00000285     0.00101714     0.99898001
      684     0.00000319     0.00118839     0.99880842
      685     0.00000443     0.00147082     0.99852475
      686     0.00000588     0.00177288     0.99822124
      687     0.00000719     0.00188387     0.99810894
      688     0.00000775     0.00175863     0.99823362
      689     0.00000611     0.00151277     0.99848113
      690     0.00000299     0.00125861     0.99873841
      691     0.00000166     0.00107539     0.99892295
      692     0.00000321     0.00107085     0.99892594
      693     0.00000685     0.00118790     0.99880525
      694     0.00001019     0.00133320     0.99865661
      695     0.00001162     0.00142993     0.99855845
      696     0.00000997     0.00145641     0.99853362
      697     0.00000728     0.00140799     0.99858472
      698     0.00000403     0.00127609     0.99871988
      699     0.00000208     0.00114130     0.99885662
      700     0.00000208     0.00108033     0.99891759
      701     0.00000359     0.00109473     0.99890167
      702     0.00000629     0.00116840     0.99882531
      703     0.00000769     0.00124504     0.99874727
      704     0.00000645     0.00133357     0.99865998
      705     0.00000332     0.00136839     0.99862829
      706     0.00000090     0.00129032     0.99870877
      707     0.00000022     0.00110852     0.99889126
      708     0.00000100     0.00088582     0.99911319
      709     0.00000256     0.00077309     0.99922435
      710     0.00000379     0.00083360     0.99916261
      711     0.00000398     0.00100315     0.99899287
      712     0.00000280     0.00118050     0.99881670
      713     0.00000131     0.00128443     0.99871427
      714     0.00000051     0.00127836     0.99872114
      715     0.00000031     0.00120735     0.99879234
      716     0.00000028     0.00112356     0.99887616
      717     0.00000012     0.00103829     0.99896159
      718     0.00000020     0.00101937     0.99898043
      719     0.00000134     0.00128213     0.99871653
      720     0.00000423     0.00194861     0.99804716
      721     0.00000781     0.00253966     0.99745253
      722     0.00001255     0.00269287     0.99729458
      723     0.00001541     0.00243898     0.99754561
      724     0.00001596     0.00202288     0.99796116
      725     0.00001396     0.00206388     0.99792216
