#     Density Matrix: population Re; see the manual for detail orders
        0     0.00000000     0.00000000     1.00000000
        1     0.00000001     0.00000000     0.99999999
        2     0.00000011     0.00000005     0.99999984
        3     0.00000009     0.00000035     0.99999955
        4     0.00000000     0.00000133     0.99999867
        5     0.00000011     0.00000356     0.99999632
        6     0.00000015     0.00000782     0.99999203
        7     0.00000001     0.00001508     0.99998491
        8     0.00000010     0.00002659     0.99997331
        9     0.00000021     0.00004404     0.99995575
       10     0.00000005     0.00006983     0.99993012
       11     0.00000006     0.00010763     0.99989231
       12     0.00000024     0.00016331     0.99983645
       13     0.00000013     0.00024678     0.99975309
       14     0.00000002     0.00037552     0.99962446
       15     0.00000021     0.00058203     0.99941776
       16     0.00000022     0.00093035     0.99906942
       17     0.00000003     0.00155705     0.99844292
       18     0.00000011     0.00278594     0.99721395
       19     0.00000026     0.00551137     0.99448837
       20     0.00000011     0.01285583     0.98714406
       21     0.00000001     0.02315784     0.97684216
       22     0.00000001     0.03360986     0.96639013
       23     0.00000004     0.05287666     0.94712331
       24     0.00000002     0.09457113     0.90542885
       25     0.00000000     0.20443642     0.79556358
       26     0.00000003     0.47775513     0.52224484
       27     0.00000004     0.78973814     0.21026182
       28     0.00000001     0.92570604     0.07429394
       29     0.00000000     0.96380242     0.03619758
       30     0.00000002     0.97716549     0.02283448
       31     0.00000002     0.98288003     0.01711995
       32     0.00000000     0.98560989     0.01439010
       33     0.00000001     0.98694413     0.01305586
       34     0.00000001     0.98751447     0.01248552
       35     0.00000000     0.98759192     0.01240808
       36     0.00000001     0.98728649     0.01271350
       37     0.00000003     0.98662175     0.01337823
       38     0.00000002     0.98556349     0.01443649
       39     0.00000000     0.98402954     0.01597046
       40     0.00000005     0.98189310     0.01810686
       41     0.00000007     0.97989416     0.02010577
       42     0.00000003     0.97827895     0.02172102
       43     0.00000001     0.97626858     0.02373141
       44     0.00000008     0.97385039     0.02614953
       45     0.00000010     0.97104774     0.02895216
       46     0.00000003     0.96793831     0.03206167
       47     0.00000002     0.96466937     0.03533061
       48     0.00000013     0.96145770     0.03854216
       49     0.00000017     0.95856164     0.04143818
       50     0.00000007     0.95623055     0.04376939
       51     0.00000004     0.95465901     0.04534095
       52     0.00000024     0.95396973     0.04603003
       53     0.00000046     0.95421877     0.04578077
       54     0.00000045     0.95540106     0.04459849
       55     0.00000028     0.95744535     0.04255437
       56     0.00000031     0.96020535     0.03979434
       57     0.00000067     0.96345891     0.03654042
       58     0.00000103     0.96692118     0.03307780
       59     0.00000092     0.97029222     0.02970687
       60     0.00000058     0.97332087     0.02667855
       61     0.00000035     0.97513912     0.02486053
       62     0.00000040     0.97590381     0.02409579
       63     0.00000062     0.97617596     0.02382342
       64     0.00000072     0.97588252     0.02411676
       65     0.00000050     0.97501288     0.02498662
       66     0.00000027     0.97362583     0.02637389
       67     0.00000041     0.97184885     0.02815074
       68     0.00000074     0.96986827     0.03013099
       69     0.00000075     0.96791065     0.03208860
       70     0.00000043     0.96621686     0.03378271
       71     0.00000027     0.96501196     0.03498777
       72     0.00000048     0.96447448     0.03552504
       73     0.00000069     0.96470874     0.03529057
       74     0.00000064     0.96572414     0.03427522
       75     0.00000046     0.96742544     0.03257410
       76     0.00000039     0.96961686     0.03038274
       77     0.00000039     0.97202150     0.02797811
       78     0.00000043     0.97431460     0.02568496
       79     0.00000060     0.97616737     0.02383202
       80     0.00000080     0.97729550     0.02270371
       81     0.00000073     0.97750140     0.02249787
       82     0.00000049     0.97708451     0.02291500
       83     0.00000036     0.97615817     0.02384147
       84     0.00000058     0.97483276     0.02516665
       85     0.00000092     0.97329263     0.02670645
       86     0.00000093     0.97177181     0.02822726
       87     0.00000059     0.97051866     0.02948076
       88     0.00000033     0.96975444     0.03024523
       89     0.00000044     0.96963249     0.03036708
       90     0.00000071     0.97020530     0.02979399
       91     0.00000084     0.97140645     0.02859272
       92     0.00000080     0.97305226     0.02694694
       93     0.00000072     0.97486573     0.02513355
       94     0.00000058     0.97652074     0.02347868
       95     0.00000033     0.97770069     0.02229898
       96     0.00000026     0.97816149     0.02183824
       97     0.00000069     0.97778639     0.02221292
       98     0.00000137     0.97662019     0.02337844
       99     0.00000162     0.97487284     0.02512554
      100     0.00000110     0.97288811     0.02711079
      101     0.00000045     0.97143669     0.02856286
      102     0.00000018     0.97071115     0.02928866
      103     0.00000031     0.97050947     0.02949021
      104     0.00000062     0.97090554     0.02909384
      105     0.00000083     0.97183984     0.02815933
      106     0.00000089     0.97312256     0.02687655
      107     0.00000089     0.97446863     0.02553049
      108     0.00000077     0.97555954     0.02443969
      109     0.00000045     0.97611953     0.02388002
      110     0.00000013     0.97598810     0.02401178
      111     0.00000019     0.97516961     0.02483020
      112     0.00000075     0.97384450     0.02615475
      113     0.00000141     0.97233484     0.02766375
      114     0.00000160     0.97102877     0.02896963
      115     0.00000121     0.97028024     0.02971855
      116     0.00000062     0.97030950     0.02968988
      117     0.00000024     0.97113256     0.02886720
      118     0.00000013     0.97254311     0.02745677
      119     0.00000017     0.97415729     0.02584254
      120     0.00000040     0.97551463     0.02448498
      121     0.00000081     0.97611664     0.02388255
      122     0.00000121     0.97600319     0.02399561
      123     0.00000135     0.97533271     0.02466594
      124     0.00000109     0.97428987     0.02570905
      125     0.00000058     0.97318441     0.02681502
      126     0.00000020     0.97236035     0.02763944
      127     0.00000017     0.97208773     0.02791210
      128     0.00000035     0.97247090     0.02752875
      129     0.00000051     0.97340527     0.02659422
      130     0.00000060     0.97460058     0.02539881
      131     0.00000074     0.97566822     0.02433104
      132     0.00000096     0.97624744     0.02375160
      133     0.00000110     0.97612999     0.02386891
      134     0.00000096     0.97533945     0.02465959
      135     0.00000060     0.97413398     0.02586542
      136     0.00000032     0.97292614     0.02707355
      137     0.00000031     0.97214276     0.02785693
      138     0.00000049     0.97207188     0.02792763
      139     0.00000058     0.97275200     0.02724742
      140     0.00000048     0.97394773     0.02605179
      141     0.00000032     0.97510426     0.02489542
      142     0.00000029     0.97582291     0.02417680
      143     0.00000040     0.97595820     0.02404140
      144     0.00000054     0.97544883     0.02455063
      145     0.00000061     0.97447896     0.02552044
      146     0.00000069     0.97341487     0.02658445
      147     0.00000093     0.97266771     0.02733136
      148     0.00000137     0.97253322     0.02746541
      149     0.00000180     0.97307131     0.02692689
      150     0.00000194     0.97407583     0.02592223
      151     0.00000167     0.97515048     0.02484785
      152     0.00000115     0.97586437     0.02413448
      153     0.00000062     0.97592651     0.02407287
      154     0.00000026     0.97530781     0.02469193
      155     0.00000012     0.97425824     0.02574163
      156     0.00000027     0.97320832     0.02679142
      157     0.00000082     0.97259271     0.02740646
      158     0.00000194     0.97266824     0.02732982
      159     0.00000358     0.97340324     0.02659318
      160     0.00000543     0.97448758     0.02550699
      161     0.00000706     0.97545584     0.02453710
      162     0.00000814     0.97590025     0.02409161
      163     0.00000867     0.97563960     0.02435173
      164     0.00000884     0.97478912     0.02520204
      165     0.00000888     0.97371855     0.02627258
      166     0.00000883     0.97289217     0.02709900
      167     0.00000867     0.97266642     0.02732491
      168     0.00000839     0.97313392     0.02685769
      169     0.00000812     0.97408326     0.02590862
      170     0.00000809     0.97509308     0.02489883
      171     0.00000851     0.97571912     0.02427237
      172     0.00000951     0.97569104     0.02429946
      173     0.00001116     0.97503090     0.02495795
      174     0.00001357     0.97404051     0.02594592
      175     0.00001681     0.97316376     0.02681942
      176     0.00002075     0.97278666     0.02719259
      177     0.00002494     0.97306561     0.02690944
      178     0.00002871     0.97386126     0.02611003
      179     0.00003138     0.97480632     0.02516230
      180     0.00003263     0.97547503     0.02449234
      181     0.00003275     0.97557465     0.02439260
      182     0.00003266     0.97500371     0.02496363
      183     0.00003298     0.97402010     0.02594692
      184     0.00003398     0.97307490     0.02689111
      185     0.00003552     0.97258964     0.02737483
      186     0.00003713     0.97276725     0.02719562
      187     0.00003822     0.97350716     0.02645462
      188     0.00003833     0.97446021     0.02550145
      189     0.00003738     0.97519405     0.02476857
      190     0.00003568     0.97539045     0.02457386
      191     0.00003380     0.97498387     0.02498233
      192     0.00003226     0.97418065     0.02578709
      193     0.00003126     0.97335505     0.02661369
      194     0.00003051     0.97287437     0.02709512
      195     0.00002945     0.97293529     0.02703526
      196     0.00002751     0.97348477     0.02648772
      197     0.00002452     0.97425677     0.02571871
      198     0.00002087     0.97490206     0.02507707
      199     0.00001743     0.97514758     0.02483500
      200     0.00001510     0.97491227     0.02507263
      201     0.00001443     0.97430443     0.02568114
      202     0.00001550     0.97359478     0.02638972
      203     0.00001795     0.97311663     0.02686541
      204     0.00002145     0.97305827     0.02692027
      205     0.00002613     0.97341198     0.02656188
      206     0.00003281     0.97399246     0.02597473
      207     0.00004278     0.97453142     0.02542580
      208     0.00005727     0.97480041     0.02514231
      209     0.00007697     0.97470531     0.02521772
      210     0.00010171     0.97431364     0.02558465
      211     0.00013070     0.97380908     0.02606023
      212     0.00016309     0.97340034     0.02643657
      213     0.00019862     0.97322926     0.02657212
      214     0.00023795     0.97331844     0.02644362
      215     0.00028248     0.97357712     0.02614040
      216     0.00033378     0.97385560     0.02581062
      217     0.00039276     0.97401803     0.02558921
      218     0.00045910     0.97399855     0.02554234
      219     0.00053123     0.97381787     0.02565090
      220     0.00060680     0.97355808     0.02583512
      221     0.00067994     0.97332488     0.02599518
      222     0.00074746     0.97317617     0.02607637
      223     0.00081177     0.97310302     0.02608521
      224     0.00087354     0.97306668     0.02605978
      225     0.00093353     0.97302164     0.02604483
      226     0.00099175     0.97294887     0.02605938
      227     0.00104700     0.97286955     0.02608345
      228     0.00109708     0.97283166     0.02607126
      229     0.00113940     0.97287703     0.02598357
      230     0.00117184     0.97300776     0.02582040
      231     0.00119336     0.97317193     0.02563471
      232     0.00120422     0.97327954     0.02551624
      233     0.00120564     0.97324386     0.02555049
      234     0.00119915     0.97302971     0.02577114
      235     0.00118591     0.97268423     0.02612986
      236     0.00116633     0.97233212     0.02650156
      237     0.00114000     0.97213244     0.02672756
      238     0.00110614     0.97221204     0.02668182
      239     0.00106411     0.97260330     0.02633259
      240     0.00101393     0.97321471     0.02577136
      241     0.00095956     0.97381371     0.02522673
      242     0.00090064     0.97419744     0.02490193
      243     0.00083516     0.97424463     0.02492021
      244     0.00076559     0.97390739     0.02532702
      245     0.00069398     0.97328725     0.02601877
      246     0.00062178     0.97261215     0.02676607
      247     0.00054997     0.97216016     0.02728987
      248     0.00047940     0.97215553     0.02736507
      249     0.00041103     0.97267586     0.02691311
      250     0.00034611     0.97360746     0.02604643
      251     0.00028603     0.97467007     0.02504390
      252     0.00023214     0.97550669     0.02426117
      253     0.00018539     0.97580936     0.02400524
      254     0.00014619     0.97543628     0.02441753
      255     0.00011433     0.97447637     0.02540931
      256     0.00008919     0.97323415     0.02667666
      257     0.00006994     0.97213581     0.02779426
      258     0.00005571     0.97158552     0.02835877
      259     0.00004575     0.97182103     0.02813322
      260     0.00003936     0.97281958     0.02714106
      261     0.00003620     0.97416872     0.02579508
      262     0.00003533     0.97541107     0.02455360
      263     0.00003558     0.97623662     0.02372780
      264     0.00003621     0.97633172     0.02363207
      265     0.00003662     0.97561258     0.02435080
      266     0.00003641     0.97426854     0.02569505
      267     0.00003542     0.97271369     0.02725089
      268     0.00003372     0.97145849     0.02850779
      269     0.00003155     0.97094148     0.02902697
      270     0.00002926     0.97137662     0.02859411
      271     0.00002730     0.97266903     0.02730368
      272     0.00002614     0.97443106     0.02554280
      273     0.00002630     0.97609811     0.02387559
      274     0.00002829     0.97710948     0.02286223
      275     0.00003258     0.97709638     0.02287104
      276     0.00003951     0.97601411     0.02394637
      277     0.00004935     0.97417135     0.02577930
      278     0.00006219     0.97214233     0.02779548
      279     0.00007800     0.97058623     0.02933578
      280     0.00009656     0.97003044     0.02987300
      281     0.00011467     0.97058458     0.02930075
      282     0.00013064     0.97187329     0.02799607
      283     0.00014634     0.97355696     0.02629670
      284     0.00016129     0.97508332     0.02475539
      285     0.00017502     0.97592819     0.02389679
      286     0.00018710     0.97577466     0.02403824
      287     0.00019715     0.97463043     0.02517242
      288     0.00020485     0.97284008     0.02695506
      289     0.00020995     0.97098273     0.02880732
      290     0.00021229     0.96968425     0.03010346
      291     0.00021184     0.96940452     0.03038365
      292     0.00020869     0.97027175     0.02951956
      293     0.00020310     0.97202399     0.02777291
      294     0.00019538     0.97408364     0.02572098
      295     0.00018586     0.97574586     0.02406828
      296     0.00017486     0.97642075     0.02340440
      297     0.00016264     0.97584635     0.02399101
      298     0.00014953     0.97419524     0.02565523
      299     0.00013593     0.97203068     0.02783340
      300     0.00012243     0.97011972     0.02975785
      301     0.00011171     0.96928173     0.03060656
      302     0.00010435     0.96955878     0.03033687
      303     0.00009888     0.97070955     0.02919157
      304     0.00009574     0.97234006     0.02756420
      305     0.00009507     0.97385947     0.02604546
      306     0.00009682     0.97469307     0.02521011
      307     0.00010092     0.97450108     0.02539800
      308     0.00010751     0.97331997     0.02657252
      309     0.00011708     0.97156677     0.02831615
      310     0.00013037     0.96989601     0.02997362
      311     0.00014812     0.96895547     0.03089641
      312     0.00017077     0.96913036     0.03069887
      313     0.00019827     0.97037706     0.02942467
      314     0.00023010     0.97221901     0.02755089
      315     0.00026569     0.97391769     0.02581662
      316     0.00030490     0.97476092     0.02493418
      317     0.00034850     0.97435784     0.02529365
      318     0.00039839     0.97281800     0.02678361
      319     0.00045742     0.97073062     0.02881196
      320     0.00052893     0.96893822     0.03053285
      321     0.00059822     0.96828743     0.03111435
      322     0.00065905     0.96870096     0.03063999
      323     0.00072421     0.96984314     0.02943266
      324     0.00079250     0.97121337     0.02799413
      325     0.00086362     0.97217740     0.02695898
      326     0.00093882     0.97224560     0.02681558
      327     0.00102108     0.97130555     0.02767337
      328     0.00111462     0.96969795     0.02918743
      329     0.00122390     0.96808748     0.03068862
      330     0.00135267     0.96717197     0.03147536
      331     0.00150344     0.96735363     0.03114293
      332     0.00167769     0.96852593     0.02979638
      333     0.00187692     0.97008851     0.02803457
      334     0.00210421     0.97120281     0.02669299
      335     0.00236571     0.97118406     0.02645023
      336     0.00267149     0.96984756     0.02748095
      337     0.00303526     0.96763164     0.02933310
      338     0.00347296     0.96541480     0.03111224
      339     0.00400095     0.96409185     0.03190720
      340     0.00463463     0.96410548     0.03125989
      341     0.00519758     0.96496371     0.02983872
      342     0.00561406     0.96581012     0.02857582
      343     0.00602156     0.96619662     0.02778183
      344     0.00641806     0.96565151     0.02793043
      345     0.00680535     0.96417423     0.02902043
      346     0.00718633     0.96228413     0.03052953
      347     0.00756191     0.96078229     0.03165580
      348     0.00792910     0.96032866     0.03174224
      349     0.00828168     0.96105551     0.03066280
      350     0.00861299     0.96244339     0.02894362
      351     0.00891923     0.96356055     0.02752022
      352     0.00920152     0.96356597     0.02723251
      353     0.00946549     0.96220869     0.02832582
      354     0.00971886     0.96002669     0.03025446
      355     0.00996866     0.95809379     0.03193754
      356     0.01022002     0.95741876     0.03236123
      357     0.01047778     0.95832489     0.03119733
      358     0.01075182     0.96018801     0.02906018
      359     0.01106701     0.96172873     0.02720426
      360     0.01148541     0.96172076     0.02679383
      361     0.01182465     0.96039967     0.02777568
      362     0.01192679     0.95902768     0.02904553
      363     0.01185574     0.95805317     0.03009109
      364     0.01151397     0.95828258     0.03020345
      365     0.01075521     0.96002524     0.02921955
      366     0.01114688     0.96115879     0.02769433
      367     0.62027619     0.35276091     0.02696291
      368     0.82784016     0.14532173     0.02683811
      369     0.80769038     0.16659762     0.02571200
      370     0.80413310     0.17171674     0.02415016
      371     0.80347906     0.17334201     0.02317893
      372     0.80263847     0.17385517     0.02350636
      373     0.80098253     0.17402644     0.02499103
      374     0.79913646     0.17419928     0.02666426
      375     0.79809416     0.17455430     0.02735154
      376     0.79831840     0.17517687     0.02650473
      377     0.79926144     0.17608441     0.02465415
      378     0.79964245     0.17725425     0.02310330
      379     0.79832842     0.17865576     0.02301582
      380     0.79519210     0.18028221     0.02452569
      381     0.79239823     0.18156006     0.02604171
      382     0.79106780     0.18240263     0.02652956
      383     0.79059090     0.18332102     0.02608808
      384     0.79068788     0.18433655     0.02497558
      385     0.79053116     0.18544296     0.02402589
      386     0.78935348     0.18662041     0.02402611
      387     0.78708719     0.18785464     0.02505816
      388     0.78449619     0.18914778     0.02635603
      389     0.78262353     0.19051230     0.02686417
      390     0.78194496     0.19195125     0.02610380
      391     0.78192637     0.19343767     0.02463596
      392     0.78142054     0.19490824     0.02367121
      393     0.77965208     0.19627705     0.02407087
      394     0.77698088     0.19746082     0.02555830
      395     0.77472886     0.19839881     0.02687233
      396     0.77411872     0.19905336     0.02682792
      397     0.77520093     0.19939181     0.02540726
      398     0.77676980     0.19936449     0.02386571
      399     0.77745847     0.19889722     0.02364432
      400     0.77708978     0.19790640     0.02500382
      401     0.77698676     0.19676118     0.02625207
      402     0.77794611     0.19564542     0.02640847
      403     0.78013519     0.19413112     0.02573368
      404     0.78293861     0.19222377     0.02483761
      405     0.78541992     0.18994677     0.02463331
      406     0.78725529     0.18733939     0.02540533
      407     0.78910707     0.18446259     0.02643034
      408     0.79195393     0.18140795     0.02663811
      409     0.79596474     0.17830176     0.02573349
      410     0.80009458     0.17530001     0.02460540
      411     0.80295140     0.17257577     0.02447283
      412     0.80413583     0.17030480     0.02555937
      413     0.80460769     0.16865336     0.02673895
      414     0.80554704     0.16776749     0.02668547
      415     0.80685522     0.16776054     0.02538424
      416     0.80702991     0.16869742     0.02427267
      417     0.80475324     0.17057799     0.02466877
      418     0.80050116     0.17332433     0.02617451
      419     0.79621190     0.17677543     0.02701267
      420     0.79319386     0.18068916     0.02611697
      421     0.79136105     0.18367662     0.02496233
      422     0.78959947     0.18556927     0.02483127
      423     0.78718925     0.18731450     0.02549625
      424     0.78517889     0.18866937     0.02615174
      425     0.78469617     0.18939930     0.02590453
      426     0.78568516     0.18931748     0.02499736
      427     0.78705729     0.18832520     0.02461752
      428     0.78820862     0.18644304     0.02534834
      429     0.78990589     0.18382482     0.02626930
      430     0.79315573     0.18075209     0.02609218
      431     0.79741127     0.17761093     0.02497780
      432     0.80068305     0.17485091     0.02446604
      433     0.80172085     0.17292293     0.02535622
      434     0.80137430     0.17219611     0.02642959
      435     0.80106158     0.17286494     0.02607348
      436     0.80041227     0.17487282     0.02471490
      437     0.79773089     0.17788442     0.02438470
      438     0.79296794     0.18133088     0.02570118
      439     0.78873647     0.18452480     0.02673874
      440     0.78733552     0.18680656     0.02585793
      441     0.78774151     0.18749709     0.02476140
      442     0.78805950     0.18708088     0.02485963
      443     0.78864860     0.18580950     0.02554190
      444     0.79048073     0.18386527     0.02565400
      445     0.79333071     0.18170847     0.02496082
      446     0.79530860     0.17999327     0.02469813
      447     0.79511676     0.17938174     0.02550149
      448     0.79361725     0.18030713     0.02607563
      449     0.79201555     0.18277721     0.02520723
      450     0.78968521     0.18632497     0.02398981
      451     0.78567420     0.19012363     0.02420217
      452     0.78206907     0.19241544     0.02551549
      453     0.78327758     0.19034380     0.02637862
      454     0.79029907     0.18353097     0.02616996
      455     0.79914694     0.17482496     0.02602810
      456     0.80562694     0.16787491     0.02649815
      457     0.80866450     0.16524352     0.02609198
      458     0.80812987     0.16739272     0.02447741
      459     0.80316404     0.17265786     0.02417810
      460     0.79560134     0.17814152     0.02625713
      461     0.79205567     0.18051789     0.02742644
      462     0.79279682     0.18022901     0.02697417
      463     0.79510983     0.17839267     0.02649750
      464     0.79723303     0.17593649     0.02683048
      465     0.79888438     0.17426289     0.02685273
      466     0.79971561     0.17444960     0.02583479
      467     0.79809271     0.17650060     0.02540669
      468     0.79411325     0.17919031     0.02669644
      469     0.79138663     0.18075224     0.02786112
      470     0.79264579     0.18004656     0.02730765
      471     0.79594541     0.17742603     0.02662856
      472     0.79814871     0.17466465     0.02718664
      473     0.79899840     0.17386060     0.02714100
      474     0.79869792     0.17587969     0.02542240
      475     0.79592012     0.17942913     0.02465075
      476     0.79198568     0.18174227     0.02627205
      477     0.79175984     0.18070426     0.02753590
      478     0.79619814     0.17678853     0.02701333
      479     0.79973810     0.17298662     0.02727528
      480     0.79874175     0.17249587     0.02876238
      481     0.79671396     0.17478622     0.02849982
      482     0.79587084     0.17676185     0.02736732
      483     0.79538280     0.17757575     0.02704145
      484     0.79598216     0.17651110     0.02750674
      485     0.79809514     0.17465916     0.02724570
      486     0.79918875     0.17389584     0.02691541
      487     0.79707103     0.17488356     0.02804541
      488     0.79448251     0.17625529     0.02926220
      489     0.79506463     0.17608109     0.02885428
      490     0.79746137     0.17418589     0.02835275
      491     0.79848323     0.17267682     0.02883994
      492     0.79795071     0.17373915     0.02831014
      493     0.79659039     0.17689239     0.02651722
      494     0.79482210     0.17905683     0.02612107
      495     0.79508657     0.17793619     0.02697724
      496     0.79828263     0.17490885     0.02680852
      497     0.79969654     0.17347740     0.02682606
      498     0.79648374     0.17478346     0.02873280
      499     0.79385059     0.17606700     0.03008241
      500     0.79593316     0.17454063     0.02952622
      501     0.79808496     0.17242835     0.02948669
      502     0.79790186     0.17237841     0.02971973
      503     0.79695119     0.17407958     0.02896923
      504     0.79630938     0.17571857     0.02797205
      505     0.79658631     0.17550915     0.02790453
      506     0.79795238     0.17431595     0.02773167
      507     0.79850793     0.17439168     0.02710040
      508     0.79669036     0.17575509     0.02755455
      509     0.79540845     0.17587342     0.02871812
      510     0.79731634     0.17362378     0.02905988
      511     0.79902704     0.17143419     0.02953877
      512     0.79740485     0.17178864     0.03080651
      513     0.79560837     0.17334877     0.03104287
      514     0.79660870     0.17316040     0.03023090
      515     0.79824773     0.17171935     0.03003292
      516     0.79810703     0.17238433     0.02950865
      517     0.79667706     0.17554894     0.02777400
      518     0.79587548     0.17743367     0.02669085
      519     0.79722586     0.17628968     0.02648446
      520     0.79885097     0.17542722     0.02572181
      521     0.79789223     0.17658396     0.02552381
      522     0.79681722     0.17702001     0.02616277
      523     0.79769380     0.17562927     0.02667692
      524     0.79891972     0.17397971     0.02710057
      525     0.79790264     0.17399879     0.02809858
      526     0.79669665     0.17442359     0.02887976
      527     0.79774627     0.17327254     0.02898120
      528     0.79883352     0.17191820     0.02924828
      529     0.79790524     0.17276061     0.02933414
      530     0.79690939     0.17459524     0.02849537
      531     0.79760464     0.17478741     0.02760794
      532     0.79864448     0.17441860     0.02693693
      533     0.79816688     0.17613442     0.02569871
      534     0.79692654     0.17852577     0.02454770
      535     0.79734823     0.17850828     0.02414350
      536     0.79885203     0.17741059     0.02373738
      537     0.79824656     0.17817872     0.02357472
      538     0.79657749     0.17903776     0.02438476
      539     0.79755839     0.17702477     0.02541684
      540     0.79916381     0.17437063     0.02646556
      541     0.79816907     0.17405142     0.02777951
      542     0.79743023     0.17384679     0.02872298
      543     0.79840571     0.17225934     0.02933495
      544     0.79891435     0.17109694     0.02998871
      545     0.79785632     0.17169452     0.03044916
      546     0.79758292     0.17210714     0.03030993
      547     0.79863390     0.17139271     0.02997339
      548     0.79872625     0.17181111     0.02946264
      549     0.79770187     0.17389158     0.02840656
      550     0.79774525     0.17505512     0.02719964
      551     0.79878082     0.17512461     0.02609457
      552     0.79857882     0.17661441     0.02480678
      553     0.79750464     0.17884924     0.02364612
      554     0.79795401     0.17909966     0.02294633
      555     0.79901349     0.17852601     0.02246050
      556     0.79822991     0.17942910     0.02234099
      557     0.79733149     0.17981552     0.02285299
      558     0.79845084     0.17783790     0.02371126
      559     0.79901025     0.17610767     0.02488209
      560     0.79767157     0.17582225     0.02650618
      561     0.79751816     0.17451647     0.02796537
      562     0.79844631     0.17245889     0.02909480
      563     0.79819302     0.17157777     0.03022921
      564     0.79735644     0.17146792     0.03117564
      565     0.79788709     0.17031502     0.03179789
      566     0.79853745     0.16930167     0.03216088
      567     0.79780275     0.17002548     0.03217177
      568     0.79739453     0.17085111     0.03175436
      569     0.79825736     0.17072103     0.03102161
      570     0.79838811     0.17160557     0.03000631
      571     0.79747374     0.17379784     0.02872842
      572     0.79764842     0.17501995     0.02733163
      573     0.79851966     0.17555562     0.02592472
      574     0.79803222     0.17737546     0.02459232
      575     0.79732328     0.17922610     0.02345062
      576     0.79808005     0.17932878     0.02259117
      577     0.79850872     0.17939874     0.02209254
      578     0.79759097     0.18042886     0.02198017
      579     0.79751345     0.18023485     0.02225169
      580     0.79844382     0.17862483     0.02293135
      581     0.79821951     0.17793324     0.02384724
      582     0.79754222     0.17760055     0.02485722
      583     0.79799992     0.17597504     0.02602504
      584     0.79850012     0.17427409     0.02722579
      585     0.79788324     0.17380281     0.02831395
      586     0.79759918     0.17310408     0.02929674
      587     0.79830495     0.17162145     0.03007360
      588     0.79835113     0.17114482     0.03050405
      589     0.79762523     0.17170672     0.03066805
      590     0.79783160     0.17161381     0.03055458
      591     0.79849466     0.17144037     0.03006497
      592     0.79804229     0.17260050     0.02935721
      593     0.79754137     0.17393811     0.02852053
      594     0.79818634     0.17432388     0.02748978
      595     0.79843660     0.17511089     0.02645250
      596     0.79770600     0.17674499     0.02554901
      597     0.79774287     0.17755570     0.02470143
      598     0.79842834     0.17751431     0.02405735
      599     0.79814128     0.17811870     0.02374002
      600     0.79760448     0.17878450     0.02361103
      601     0.79807606     0.17818263     0.02374131
      602     0.79845228     0.17731903     0.02422869
      603     0.79789551     0.17725994     0.02484455
      604     0.79770801     0.17671867     0.02557332
      605     0.79827216     0.17525550     0.02647234
      606     0.79830778     0.17440630     0.02728592
      607     0.79775797     0.17427974     0.02796229
      608     0.79785743     0.17354415     0.02859842
      609     0.79838142     0.17263409     0.02898449
      610     0.79813910     0.17277925     0.02908165
      611     0.79767633     0.17325943     0.02906425
      612     0.79806356     0.17312122     0.02881521
      613     0.79840462     0.17327409     0.02832129
      614     0.79790905     0.17428031     0.02781064
      615     0.79774271     0.17501282     0.02724447
      616     0.79827001     0.17512445     0.02660553
      617     0.79825268     0.17563798     0.02610934
      618     0.79777758     0.17648227     0.02574015
      619     0.79793626     0.17662699     0.02543675
      620     0.79830756     0.17634689     0.02534555
      621     0.79800319     0.17654171     0.02545510
      622     0.79762358     0.17670112     0.02567530
      623     0.79800001     0.17589951     0.02610048
      624     0.79826454     0.17506661     0.02666885
      625     0.79788092     0.17493803     0.02718105
      626     0.79769873     0.17460643     0.02769484
      627     0.79808858     0.17372903     0.02818239
      628     0.79819731     0.17332375     0.02847895
      629     0.79780029     0.17355916     0.02864055
      630     0.79777572     0.17351616     0.02870812
      631     0.79816068     0.17324246     0.02859686
      632     0.79809624     0.17353104     0.02837272
      633     0.79775790     0.17412439     0.02811771
      634     0.79789222     0.17429486     0.02781292
      635     0.79815746     0.17433381     0.02750873
      636     0.79799077     0.17474713     0.02726211
      637     0.79780021     0.17512498     0.02707481
      638     0.79796577     0.17507213     0.02696210
      639     0.79809972     0.17498902     0.02691126
      640     0.79794877     0.17513241     0.02691881
      641     0.79783509     0.17514556     0.02701935
      642     0.79810555     0.17475029     0.02714416
      643     0.79821068     0.17452087     0.02726845
      644     0.79793847     0.17460525     0.02745628
      645     0.79791285     0.17452320     0.02756395
      646     0.79815223     0.17426655     0.02758122
      647     0.79809902     0.17423461     0.02766637
      648     0.79794060     0.17436367     0.02769573
      649     0.79803616     0.17434714     0.02761670
      650     0.79808193     0.17425031     0.02766776
      651     0.79800807     0.17422396     0.02776797
      652     0.79806478     0.17416994     0.02776528
      653     0.79805675     0.17402980     0.02791346
      654     0.79794956     0.17385753     0.02819291
      655     0.79806253     0.17361435     0.02832312
      656     0.79815408     0.17334276     0.02850316
      657     0.79796191     0.17322128     0.02881681
      658     0.79792806     0.17317328     0.02889867
      659     0.79814374     0.17301081     0.02884545
      660     0.79812543     0.17298277     0.02889180
      661     0.79787701     0.17351120     0.02861179
      662     0.79792191     0.17422363     0.02785446
      663     0.79816447     0.17454995     0.02728558
      664     0.79819441     0.17521856     0.02658703
      665     0.79795013     0.17655782     0.02549205
      666     0.79780629     0.17752018     0.02467353
      667     0.79816214     0.17771331     0.02412456
      668     0.79837619     0.17822465     0.02339915
      669     0.79782292     0.17916972     0.02300736
      670     0.79764697     0.17916212     0.02319091
      671     0.79841328     0.17818485     0.02340187
      672     0.79842808     0.17772751     0.02384441
      673     0.79751173     0.17758033     0.02490795
      674     0.79774172     0.17620509     0.02605319
      675     0.79869599     0.17417333     0.02713067
      676     0.79820723     0.17320732     0.02858545
      677     0.79732708     0.17262013     0.03005278
      678     0.79802392     0.17087875     0.03109733
      679     0.79876004     0.16913718     0.03210278
      680     0.79793601     0.16903883     0.03302516
      681     0.79733455     0.16930153     0.03336392
      682     0.79832498     0.16838471     0.03329031
      683     0.79883704     0.16809350     0.03306946
      684     0.79781355     0.16986848     0.03231796
      685     0.79739974     0.17154946     0.03105079
      686     0.79847239     0.17184700     0.02968061
      687     0.79879904     0.17306636     0.02813459
      688     0.79764296     0.17601250     0.02634454
      689     0.79743750     0.17793806     0.02462445
      690     0.79869042     0.17822238     0.02308719
      691     0.79871153     0.17958513     0.02170334
      692     0.79739478     0.18198800     0.02061723
      693     0.79761392     0.18246805     0.01991803
      694     0.79891778     0.18145589     0.01962633
      695     0.79844430     0.18179193     0.01976377
      696     0.79724365     0.18249479     0.02026156
      697     0.79793228     0.18092965     0.02113807
      698     0.79896533     0.17864252     0.02239215
      699     0.79813418     0.17809218     0.02377364
      700     0.79728253     0.17748247     0.02523500
      701     0.79809990     0.17515494     0.02674517
      702     0.79868683     0.17332286     0.02799031
      703     0.79787990     0.17317373     0.02894637
      704     0.79739131     0.17275370     0.02985499
      705     0.79826299     0.17120597     0.03053104
      706     0.79864951     0.17068047     0.03067002
      707     0.79768414     0.17170031     0.03061555
      708     0.79744937     0.17210965     0.03044099
      709     0.79850662     0.17175165     0.02974173
      710     0.79851362     0.17267259     0.02881379
      711     0.79742733     0.17454908     0.02802359
      712     0.79770367     0.17532198     0.02697435
      713     0.79870129     0.17552739     0.02577131
      714     0.79815466     0.17688379     0.02496156
      715     0.79737261     0.17838843     0.02423896
      716     0.79809250     0.17845235     0.02345515
      717     0.79858635     0.17823492     0.02317873
      718     0.79784047     0.17893987     0.02321966
      719     0.79761191     0.17920140     0.02318669
      720     0.79825622     0.17818088     0.02356290
      721     0.79833651     0.17744858     0.02421492
      722     0.79794713     0.17743970     0.02461317
      723     0.79791900     0.17696727     0.02511373
      724     0.79823248     0.17595182     0.02581570
      725     0.79828599     0.17549330     0.02622072
