#     Density Matrix: population Re; see the manual for detail orders
        0     0.00000000     0.00000000     1.00000000
        1     0.00000000     0.00000030     0.99999970
        2     0.00000000     0.00000294     0.99999706
        3     0.00000001     0.00000904     0.99999095
        4     0.00000003     0.00001893     0.99998105
        5     0.00000003     0.00003213     0.99996785
        6     0.00000002     0.00004739     0.99995259
        7     0.00000006     0.00006300     0.99993694
        8     0.00000012     0.00007732     0.99992256
        9     0.00000012     0.00008950     0.99991039
       10     0.00000011     0.00010030     0.99989959
       11     0.00000019     0.00011286     0.99988695
       12     0.00000028     0.00013331     0.99986640
       13     0.00000028     0.00017151     0.99982821
       14     0.00000026     0.00024201     0.99975772
       15     0.00000037     0.00036595     0.99963368
       16     0.00000051     0.00057482     0.99942468
       17     0.00000051     0.00091870     0.99908079
       18     0.00000047     0.00148395     0.99851558
       19     0.00000057     0.00243274     0.99756669
       20     0.00000074     0.00409618     0.99590308
       21     0.00000063     0.00588967     0.99410970
       22     0.00000017     0.00710376     0.99289607
       23     0.00000006     0.00823774     0.99176221
       24     0.00000060     0.00933102     0.99066837
       25     0.00000094     0.01066957     0.98932948
       26     0.00000049     0.01312029     0.98687921
       27     0.00000001     0.01895140     0.98104859
       28     0.00000037     0.03396929     0.96603034
       29     0.00000105     0.07301656     0.92698239
       30     0.00000093     0.17030821     0.82969086
       31     0.00000020     0.36786656     0.63213323
       32     0.00000006     0.59658293     0.40341701
       33     0.00000041     0.67058796     0.32941163
       34     0.00000030     0.59407438     0.40592532
       35     0.00000001     0.48329177     0.51670822
       36     0.00000032     0.38851065     0.61148903
       37     0.00000098     0.31671777     0.68328126
       38     0.00000111     0.26448315     0.73551574
       39     0.00000055     0.22736174     0.77263770
       40     0.00000013     0.20164711     0.79835276
       41     0.00000028     0.18794834     0.81205138
       42     0.00000034     0.18186639     0.81813327
       43     0.00000020     0.17792492     0.82207488
       44     0.00000006     0.17595476     0.82404518
       45     0.00000012     0.17571622     0.82428366
       46     0.00000031     0.17692967     0.82307002
       47     0.00000041     0.17930005     0.82069954
       48     0.00000028     0.18253682     0.81746290
       49     0.00000010     0.18636800     0.81363190
       50     0.00000010     0.19055025     0.80944964
       51     0.00000030     0.19487361     0.80512609
       52     0.00000046     0.19916424     0.80083530
       53     0.00000039     0.20328409     0.79671552
       54     0.00000019     0.20712888     0.79287094
       55     0.00000009     0.21062474     0.78937517
       56     0.00000023     0.21372420     0.78627557
       57     0.00000045     0.21640240     0.78359715
       58     0.00000050     0.21865273     0.78134677
       59     0.00000033     0.22048269     0.77951697
       60     0.00000014     0.22191074     0.77808912
       61     0.00000012     0.22281007     0.77718981
       62     0.00000014     0.22329839     0.77670147
       63     0.00000017     0.22357052     0.77642931
       64     0.00000017     0.22363583     0.77636400
       65     0.00000015     0.22350614     0.77649371
       66     0.00000013     0.22319475     0.77680512
       67     0.00000015     0.22271591     0.77728394
       68     0.00000018     0.22208448     0.77791534
       69     0.00000020     0.22131528     0.77868452
       70     0.00000019     0.22042256     0.77957725
       71     0.00000017     0.21941958     0.78058025
       72     0.00000015     0.21831861     0.78168124
       73     0.00000017     0.21713049     0.78286934
       74     0.00000020     0.21586464     0.78413516
       75     0.00000022     0.21452882     0.78547096
       76     0.00000021     0.21312883     0.78687096
       77     0.00000019     0.21166847     0.78833134
       78     0.00000017     0.21014936     0.78985047
       79     0.00000018     0.20857056     0.79142926
       80     0.00000021     0.20692837     0.79307142
       81     0.00000022     0.20538440     0.79461538
       82     0.00000017     0.20393040     0.79606943
       83     0.00000010     0.20238772     0.79761218
       84     0.00000007     0.20074407     0.79925586
       85     0.00000012     0.19898324     0.80101664
       86     0.00000020     0.19708406     0.80291574
       87     0.00000025     0.19501858     0.80498118
       88     0.00000021     0.19274972     0.80725007
       89     0.00000014     0.19022762     0.80977224
       90     0.00000008     0.18738384     0.81261607
       91     0.00000010     0.18412205     0.81587785
       92     0.00000018     0.18030251     0.81969731
       93     0.00000025     0.17571459     0.82428516
       94     0.00000026     0.17002446     0.82997528
       95     0.00000020     0.16266872     0.83733108
       96     0.00000012     0.15261473     0.84738515
       97     0.00000010     0.13774385     0.86225605
       98     0.00000015     0.11298937     0.88701048
       99     0.00000023     0.06462092     0.93537884
      100     0.00000026     0.03929625     0.96070349
      101     0.00000020     0.33353435     0.66646545
      102     0.00000011     0.58132518     0.41867471
      103     0.00000007     0.66052435     0.33947558
      104     0.00000012     0.69392291     0.30607696
      105     0.00000023     0.71164212     0.28835765
      106     0.00000030     0.72237990     0.27761980
      107     0.00000029     0.72945805     0.27054166
      108     0.00000020     0.73440259     0.26559721
      109     0.00000010     0.73800849     0.26199140
      110     0.00000008     0.74072902     0.25927090
      111     0.00000014     0.74284054     0.25715931
      112     0.00000025     0.74452098     0.25547877
      113     0.00000032     0.74589019     0.25410948
      114     0.00000031     0.74703188     0.25296781
      115     0.00000022     0.74800622     0.25199356
      116     0.00000012     0.74885757     0.25114231
      117     0.00000009     0.74961932     0.25038059
      118     0.00000015     0.75031710     0.24968276
      119     0.00000026     0.75097077     0.24902897
      120     0.00000034     0.75159601     0.24840365
      121     0.00000034     0.75217944     0.24782022
      122     0.00000024     0.75272994     0.24726982
      123     0.00000012     0.75327967     0.24672021
      124     0.00000006     0.75383394     0.24616600
      125     0.00000010     0.75439647     0.24560343
      126     0.00000022     0.75496969     0.24503009
      127     0.00000034     0.75555471     0.24444495
      128     0.00000038     0.75615127     0.24384835
      129     0.00000031     0.75675790     0.24324179
      130     0.00000019     0.75737187     0.24262795
      131     0.00000009     0.75798921     0.24201070
      132     0.00000008     0.75860489     0.24139502
      133     0.00000017     0.75921290     0.24078693
      134     0.00000031     0.75980630     0.24019339
      135     0.00000041     0.76037732     0.23962227
      136     0.00000041     0.76091725     0.23908234
      137     0.00000031     0.76141664     0.23858306
      138     0.00000018     0.76186548     0.23813435
      139     0.00000010     0.76225338     0.23774652
      140     0.00000013     0.76256969     0.23743018
      141     0.00000025     0.76280035     0.23719939
      142     0.00000039     0.76293770     0.23706191
      143     0.00000047     0.76297621     0.23702332
      144     0.00000045     0.76290709     0.23709246
      145     0.00000033     0.76272237     0.23727730
      146     0.00000021     0.76241533     0.23758446
      147     0.00000015     0.76198076     0.23801909
      148     0.00000021     0.76141549     0.23858430
      149     0.00000037     0.76071828     0.23928135
      150     0.00000054     0.75989033     0.24010913
      151     0.00000065     0.75893530     0.24106406
      152     0.00000063     0.75785937     0.24214000
      153     0.00000050     0.75667139     0.24332810
      154     0.00000036     0.75538285     0.24461679
      155     0.00000028     0.75400780     0.24599192
      156     0.00000035     0.75256284     0.24743681
      157     0.00000054     0.75106694     0.24893252
      158     0.00000076     0.74954110     0.25045815
      159     0.00000090     0.74800790     0.25199120
      160     0.00000090     0.74649107     0.25350803
      161     0.00000077     0.74505677     0.25494246
      162     0.00000056     0.74372736     0.25627209
      163     0.00000039     0.74248349     0.25751613
      164     0.00000037     0.74134588     0.25865375
      165     0.00000052     0.74033366     0.25966581
      166     0.00000077     0.73946371     0.26053552
      167     0.00000099     0.73875015     0.26124886
      168     0.00000108     0.73820398     0.26179494
      169     0.00000098     0.73783283     0.26216620
      170     0.00000075     0.73764035     0.26235889
      171     0.00000052     0.73762631     0.26237317
      172     0.00000039     0.73778667     0.26221294
      173     0.00000042     0.73811346     0.26188611
      174     0.00000058     0.73859514     0.26140428
      175     0.00000079     0.73921719     0.26078202
      176     0.00000095     0.73996228     0.26003677
      177     0.00000099     0.74081051     0.25918850
      178     0.00000089     0.74174003     0.25825908
      179     0.00000071     0.74272761     0.25727168
      180     0.00000051     0.74374918     0.25625031
      181     0.00000038     0.74472642     0.25527320
      182     0.00000033     0.74563439     0.25436528
      183     0.00000038     0.74650567     0.25349395
      184     0.00000052     0.74732128     0.25267820
      185     0.00000072     0.74806376     0.25193552
      186     0.00000095     0.74871741     0.25128164
      187     0.00000114     0.74926835     0.25073051
      188     0.00000124     0.74970463     0.25029413
      189     0.00000124     0.75001617     0.24998259
      190     0.00000118     0.75019497     0.24980385
      191     0.00000112     0.75023508     0.24976379
      192     0.00000118     0.75013276     0.24986606
      193     0.00000140     0.74988679     0.25011181
      194     0.00000178     0.74949852     0.25049970
      195     0.00000226     0.74897250     0.25102524
      196     0.00000269     0.74831680     0.25168051
      197     0.00000297     0.74754346     0.25245356
      198     0.00000303     0.74666872     0.25332824
      199     0.00000290     0.74571340     0.25428369
      200     0.00000269     0.74470339     0.25529391
      201     0.00000250     0.74373919     0.25625831
      202     0.00000224     0.74284981     0.25714795
      203     0.00000197     0.74199982     0.25799821
      204     0.00000182     0.74122835     0.25876983
      205     0.00000183     0.74057696     0.25942121
      206     0.00000198     0.74008798     0.25991004
      207     0.00000216     0.73980240     0.26019544
      208     0.00000228     0.73975731     0.26024041
      209     0.00000225     0.73998347     0.26001428
      210     0.00000205     0.74050255     0.25949540
      211     0.00000175     0.74132442     0.25867383
      212     0.00000141     0.74244453     0.25755406
      213     0.00000112     0.74384228     0.25615660
      214     0.00000092     0.74547995     0.25451913
      215     0.00000084     0.74730259     0.25269656
      216     0.00000090     0.74923880     0.25076030
      217     0.00000110     0.75120271     0.24879619
      218     0.00000146     0.75309731     0.24690123
      219     0.00000197     0.75481877     0.24517926
      220     0.00000259     0.75626187     0.24373554
      221     0.00000317     0.75726243     0.24273440
      222     0.00000352     0.75778575     0.24221073
      223     0.00000357     0.75784021     0.24215622
      224     0.00000339     0.75738130     0.24261531
      225     0.00000316     0.75639041     0.24360643
      226     0.00000314     0.75487882     0.24511805
      227     0.00000352     0.75288951     0.24710697
      228     0.00000438     0.75049808     0.24949754
      229     0.00000555     0.74781036     0.25218409
      230     0.00000673     0.74495815     0.25503512
      231     0.00000755     0.74209274     0.25789971
      232     0.00000773     0.73937647     0.26061580
      233     0.00000722     0.73697302     0.26301976
      234     0.00000615     0.73503665     0.26495720
      235     0.00000486     0.73370158     0.26629356
      236     0.00000365     0.73307178     0.26692456
      237     0.00000278     0.73321186     0.26678536
      238     0.00000228     0.73414091     0.26585680
      239     0.00000209     0.73582832     0.26416959
      240     0.00000205     0.73819435     0.26180361
      241     0.00000204     0.74094377     0.25905419
      242     0.00000204     0.74387798     0.25611998
      243     0.00000212     0.74698284     0.25301505
      244     0.00000236     0.75006932     0.24992831
      245     0.00000276     0.75294556     0.24705167
      246     0.00000323     0.75542989     0.24456688
      247     0.00000364     0.75736402     0.24263235
      248     0.00000392     0.75862403     0.24137205
      249     0.00000416     0.75913014     0.24086570
      250     0.00000453     0.75885235     0.24114312
      251     0.00000527     0.75781319     0.24218154
      252     0.00000654     0.75608690     0.24390656
      253     0.00000828     0.75379432     0.24619740
      254     0.00001023     0.75109421     0.24889556
      255     0.00001193     0.74817249     0.25181558
      256     0.00001294     0.74522828     0.25475878
      257     0.00001295     0.74246001     0.25752704
      258     0.00001194     0.74005144     0.25993662
      259     0.00001015     0.73815825     0.26183160
      260     0.00000801     0.73689724     0.26309475
      261     0.00000599     0.73636133     0.26363268
      262     0.00000419     0.73650787     0.26348794
      263     0.00000271     0.73727014     0.26272715
      264     0.00000166     0.73857294     0.26142540
      265     0.00000102     0.74030510     0.25969387
      266     0.00000069     0.74232776     0.25767155
      267     0.00000059     0.74448524     0.25551417
      268     0.00000076     0.74661677     0.25338246
      269     0.00000134     0.74856804     0.25143062
      270     0.00000248     0.75020226     0.24979526
      271     0.00000423     0.75140958     0.24858620
      272     0.00000646     0.75211418     0.24787936
      273     0.00000887     0.75227884     0.24771229
      274     0.00001103     0.75190718     0.24808179
      275     0.00001257     0.75104250     0.24894493
      276     0.00001329     0.74976429     0.25022242
      277     0.00001326     0.74818210     0.25180464
      278     0.00001273     0.74642695     0.25356032
      279     0.00001206     0.74464192     0.25534601
      280     0.00001152     0.74297167     0.25701681
      281     0.00001102     0.74166470     0.25832428
      282     0.00000986     0.74078554     0.25920460
      283     0.00000802     0.74028386     0.25970812
      284     0.00000588     0.74020118     0.25979294
      285     0.00000382     0.74054519     0.25945099
      286     0.00000217     0.74128838     0.25870945
      287     0.00000106     0.74236900     0.25762994
      288     0.00000048     0.74369484     0.25630469
      289     0.00000032     0.74514978     0.25484990
      290     0.00000054     0.74660265     0.25339681
      291     0.00000118     0.74791795     0.25208087
      292     0.00000241     0.74896801     0.25102958
      293     0.00000438     0.74964488     0.25035074
      294     0.00000713     0.74987166     0.25012120
      295     0.00001048     0.74961198     0.25037754
      296     0.00001397     0.74887591     0.25111012
      297     0.00001701     0.74772178     0.25226121
      298     0.00001902     0.74625374     0.25372725
      299     0.00001964     0.74461414     0.25536622
      300     0.00001885     0.74297133     0.25700982
      301     0.00001685     0.74169789     0.25828526
      302     0.00001333     0.74087855     0.25910812
      303     0.00000882     0.74041222     0.25957895
      304     0.00000464     0.74037076     0.25962460
      305     0.00000173     0.74078300     0.25921527
      306     0.00000032     0.74162797     0.25837171
      307     0.00000000     0.74283273     0.25716727
      308     0.00000006     0.74427618     0.25572375
      309     0.00000003     0.74579881     0.25420116
      310     0.00000006     0.74721809     0.25278185
      311     0.00000094     0.74834838     0.25165068
      312     0.00000364     0.74902357     0.25097280
      313     0.00000873     0.74911972     0.25087155
      314     0.00001585     0.74857613     0.25140802
      315     0.00002361     0.74741060     0.25256579
      316     0.00003000     0.74572686     0.25424315
      317     0.00003317     0.74371085     0.25625598
      318     0.00003221     0.74161593     0.25835186
      319     0.00002752     0.73973606     0.26023642
      320     0.00002064     0.73836936     0.26161000
      321     0.00001443     0.73785722     0.26212835
      322     0.00000938     0.73807956     0.26191107
      323     0.00000533     0.73892329     0.26107138
      324     0.00000302     0.74031212     0.25968486
      325     0.00000221     0.74207848     0.25791932
      326     0.00000203     0.74397808     0.25601988
      327     0.00000176     0.74571871     0.25427953
      328     0.00000143     0.74700058     0.25299799
      329     0.00000202     0.74756408     0.25243389
      330     0.00000498     0.74723826     0.25275676
      331     0.00001130     0.74598221     0.25400649
      332     0.00002070     0.74391193     0.25606737
      333     0.00003134     0.74130238     0.25866629
      334     0.00004040     0.73856222     0.26139738
      335     0.00004524     0.73617912     0.26377564
      336     0.00004463     0.73463973     0.26531564
      337     0.00003931     0.73433472     0.26562597
      338     0.00003172     0.73546746     0.26450082
      339     0.00002484     0.73798322     0.26199194
      340     0.00002092     0.74153781     0.25844127
      341     0.00002054     0.74468261     0.25529685
      342     0.00002168     0.74681725     0.25316107
      343     0.00002254     0.74828410     0.25169335
      344     0.00002156     0.74870213     0.25127630
      345     0.00001833     0.74787056     0.25211111
      346     0.00001407     0.74583751     0.25414843
      347     0.00001107     0.74292175     0.25706718
      348     0.00001145     0.73967710     0.26031145
      349     0.00001585     0.73679810     0.26318605
      350     0.00002304     0.73497756     0.26499941
      351     0.00003070     0.73474352     0.26522578
      352     0.00003710     0.73631039     0.26365251
      353     0.00004257     0.73948391     0.26047352
      354     0.00004987     0.74365309     0.25629704
      355     0.00006295     0.74788602     0.25205103
      356     0.00008467     0.75112346     0.24879187
      357     0.00011467     0.75243653     0.24744881
      358     0.00014863     0.75129060     0.24856077
      359     0.00017961     0.74774381     0.25207658
      360     0.00020074     0.74251613     0.25728314
      361     0.00020465     0.73819385     0.26160150
      362     0.00019089     0.73576734     0.26404177
      363     0.00016457     0.73468761     0.26514782
      364     0.00013404     0.73544405     0.26442191
      365     0.00010662     0.73804168     0.26185170
      366     0.00008524     0.74192718     0.25798758
      367     0.00006840     0.74607842     0.25385318
      368     0.00005342     0.74925622     0.25069037
      369     0.00004068     0.75036539     0.24959394
      370     0.00003584     0.74882636     0.25113780
      371     0.00004793     0.74483872     0.25511335
      372     0.00008434     0.73942790     0.26048776
      373     0.00014612     0.73422113     0.26563275
      374     0.00022739     0.73097923     0.26879338
      375     0.00032055     0.73100198     0.26867747
      376     0.00042494     0.73459676     0.26497830
      377     0.00055362     0.74081311     0.25863327
      378     0.00073313     0.74759427     0.25167261
      379     0.00099440     0.75237441     0.24663118
      380     0.00135877     0.75298436     0.24565686
      381     0.00168357     0.74998942     0.24832701
      382     0.00188354     0.74603967     0.25207679
      383     0.00203521     0.74146836     0.25649642
      384     0.00212236     0.73807262     0.25980502
      385     0.00215557     0.73746912     0.26037531
      386     0.00216808     0.74032520     0.25750671
      387     0.00220014     0.74586624     0.25193362
      388     0.00228181     0.75195159     0.24576660
      389     0.00242510     0.75582386     0.24175104
      390     0.00262984     0.75533590     0.24203426
      391     0.00289846     0.75016189     0.24693966
      392     0.00325092     0.74231243     0.25443665
      393     0.00373252     0.73535331     0.26091416
      394     0.00441655     0.73223857     0.26334488
      395     0.00540622     0.73292859     0.26166519
      396     0.00683312     0.73433162     0.25883526
      397     0.00883663     0.73360368     0.25755968
      398     0.01150453     0.73094865     0.25754682
      399     0.01478116     0.72810007     0.25711877
      400     0.01839794     0.72555654     0.25604551
