#     Density Matrix: population Re; see the manual for detail orders
        0     0.00000000     0.00000000     1.00000000
        1     0.00000001     0.00000000     0.99999999
        2     0.00000011     0.00000005     0.99999984
        3     0.00000009     0.00000035     0.99999955
        4     0.00000000     0.00000133     0.99999867
        5     0.00000011     0.00000356     0.99999632
        6     0.00000015     0.00000782     0.99999203
        7     0.00000001     0.00001508     0.99998491
        8     0.00000010     0.00002659     0.99997331
        9     0.00000021     0.00004404     0.99995575
       10     0.00000005     0.00006983     0.99993012
       11     0.00000006     0.00010763     0.99989231
       12     0.00000024     0.00016331     0.99983645
       13     0.00000013     0.00024678     0.99975309
       14     0.00000002     0.00037552     0.99962446
       15     0.00000021     0.00058203     0.99941776
       16     0.00000022     0.00093035     0.99906942
       17     0.00000003     0.00155705     0.99844292
       18     0.00000011     0.00278594     0.99721395
       19     0.00000026     0.00551137     0.99448837
       20     0.00000011     0.01285583     0.98714406
       21     0.00000001     0.02315784     0.97684216
       22     0.00000001     0.03360972     0.96639027
       23     0.00000004     0.05286723     0.94713274
       24     0.00000002     0.09445244     0.90554754
       25     0.00000000     0.20326959     0.79673041
       26     0.00000003     0.46873167     0.53126830
       27     0.00000004     0.78243640     0.21756355
       28     0.00000002     0.92116831     0.07883167
       29     0.00000000     0.96078774     0.03921226
       30     0.00000002     0.97499427     0.02500571
       31     0.00000002     0.98123540     0.01876458
       32     0.00000000     0.98433114     0.01566886
       33     0.00000001     0.98594422     0.01405577
       34     0.00000002     0.98674597     0.01325402
       35     0.00000000     0.98703207     0.01296793
       36     0.00000001     0.98693098     0.01306901
       37     0.00000003     0.98648367     0.01351630
       38     0.00000002     0.98567680     0.01432318
       39     0.00000000     0.98445862     0.01554138
       40     0.00000005     0.98275242     0.01724754
       41     0.00000007     0.98142596     0.01857397
       42     0.00000003     0.98065698     0.01934299
       43     0.00000001     0.97971509     0.02028489
       44     0.00000007     0.97865286     0.02134707
       45     0.00000010     0.97756253     0.02243737
       46     0.00000003     0.97657837     0.02342161
       47     0.00000001     0.97586636     0.02413363
       48     0.00000011     0.97559461     0.02440529
       49     0.00000015     0.97588707     0.02411279
       50     0.00000006     0.97678194     0.02321800
       51     0.00000002     0.97822297     0.02177701
       52     0.00000019     0.98008940     0.01991041
       53     0.00000045     0.98223976     0.01775979
       54     0.00000051     0.98454228     0.01545720
       55     0.00000037     0.98688520     0.01311443
       56     0.00000040     0.98917538     0.01082423
       57     0.00000000     1.00000000     0.00000000
       58     0.00000131     0.99990047     0.00009822
       59     0.00000259     0.99962290     0.00037451
       60     0.00000210     0.99919898     0.00079892
       61     0.00000140     0.99881736     0.00118124
       62     0.00000134     0.99857754     0.00142111
       63     0.00000173     0.99837868     0.00161959
       64     0.00000200     0.99824623     0.00175176
       65     0.00000180     0.99819959     0.00179862
       66     0.00000141     0.99824869     0.00174989
       67     0.00000136     0.99839231     0.00160633
       68     0.00000168     0.99861784     0.00138048
       69     0.00000196     0.99890198     0.00109606
       70     0.00000186     0.99921229     0.00078585
       71     0.00000150     0.99951014     0.00048835
       72     0.00000131     0.99975544     0.00024324
       73     0.00000153     0.99991243     0.00008604
       74     0.00000194     0.99995517     0.00004289
       75     0.00000205     0.99987164     0.00012631
       76     0.00000168     0.99966609     0.00033223
       77     0.00000125     0.99935971     0.00063905
       78     0.00000128     0.99898945     0.00100927
       79     0.00000181     0.99860438     0.00139381
       80     0.00000225     0.99825938     0.00173837
       81     0.00000215     0.99806248     0.00193537
       82     0.00000180     0.99802136     0.00197684
       83     0.00000157     0.99809441     0.00190402
       84     0.00000167     0.99827662     0.00172171
       85     0.00000200     0.99854515     0.00145285
       86     0.00000226     0.99886150     0.00113624
       87     0.00000222     0.99917633     0.00082145
       88     0.00000187     0.99943669     0.00056144
       89     0.00000149     0.99959497     0.00040354
       90     0.00000146     0.99961806     0.00038048
       91     0.00000190     0.99949486     0.00050324
       92     0.00000249     0.99924020     0.00075731
       93     0.00000264     0.99889411     0.00110325
       94     0.00000213     0.99851599     0.00148189
       95     0.00000140     0.99817471     0.00182390
       96     0.00000111     0.99793618     0.00206270
       97     0.00000157     0.99785029     0.00214814
       98     0.00000242     0.99793963     0.00205795
       99     0.00000303     0.99819255     0.00180442
      100     0.00000297     0.99856239     0.00143464
      101     0.00000241     0.99889472     0.00110287
      102     0.00000183     0.99913330     0.00086487
      103     0.00000144     0.99931265     0.00068591
      104     0.00000156     0.99938831     0.00061013
      105     0.00000220     0.99933710     0.00066070
      106     0.00000296     0.99916437     0.00083268
      107     0.00000328     0.99890473     0.00109199
      108     0.00000289     0.99861582     0.00138129
      109     0.00000204     0.99836574     0.00163222
      110     0.00000132     0.99821692     0.00178176
      111     0.00000121     0.99820998     0.00178882
      112     0.00000174     0.99835181     0.00164645
      113     0.00000258     0.99861136     0.00138606
      114     0.00000333     0.99892499     0.00107168
      115     0.00000361     0.99921128     0.00078511
      116     0.00000324     0.99939190     0.00060485
      117     0.00000233     0.99941370     0.00058396
      118     0.00000132     0.99926551     0.00073317
      119     0.00000082     0.99898424     0.00101495
      120     0.00000117     0.99864731     0.00135152
      121     0.00000201     0.99840240     0.00159559
      122     0.00000267     0.99830497     0.00169236
      123     0.00000300     0.99833664     0.00166036
      124     0.00000290     0.99849232     0.00150478
      125     0.00000250     0.99872788     0.00126962
      126     0.00000195     0.99897196     0.00102609
      127     0.00000145     0.99914723     0.00085133
      128     0.00000116     0.99919518     0.00080366
      129     0.00000123     0.99909635     0.00090243
      130     0.00000164     0.99887878     0.00111957
      131     0.00000220     0.99861118     0.00138662
      132     0.00000260     0.99838170     0.00161569
      133     0.00000269     0.99826882     0.00172849
      134     0.00000251     0.99831377     0.00168372
      135     0.00000225     0.99850442     0.00149333
      136     0.00000203     0.99877711     0.00122085
      137     0.00000188     0.99903706     0.00096106
      138     0.00000177     0.99919113     0.00080710
      139     0.00000170     0.99918181     0.00081649
      140     0.00000170     0.99900978     0.00098853
      141     0.00000172     0.99876475     0.00123354
      142     0.00000167     0.99854838     0.00144995
      143     0.00000153     0.99841676     0.00158171
      144     0.00000139     0.99842111     0.00157749
      145     0.00000142     0.99856183     0.00143674
      146     0.00000175     0.99878666     0.00121159
      147     0.00000235     0.99900943     0.00098822
      148     0.00000306     0.99914300     0.00085394
      149     0.00000369     0.99913367     0.00086264
      150     0.00000409     0.99898359     0.00101232
      151     0.00000418     0.99875131     0.00124452
      152     0.00000388     0.99852948     0.00146664
      153     0.00000316     0.99840800     0.00158883
      154     0.00000213     0.99843708     0.00156079
      155     0.00000102     0.99860577     0.00139320
      156     0.00000021     0.99884535     0.00115444
      157     0.00000003     0.99905689     0.00094308
      158     0.00000067     0.99915223     0.00084710
      159     0.00000216     0.99909118     0.00090667
      160     0.00000436     0.99889913     0.00109651
      161     0.00000704     0.99865857     0.00133439
      162     0.00000991     0.99847137     0.00151871
      163     0.00001261     0.99841504     0.00157234
      164     0.00001472     0.99851244     0.00147284
      165     0.00001585     0.99872024     0.00126391
      166     0.00001582     0.99894768     0.00103650
      167     0.00001470     0.99909607     0.00088923
      168     0.00001281     0.99910199     0.00088520
      169     0.00001059     0.99896499     0.00102442
      170     0.00000850     0.99874746     0.00124404
      171     0.00000695     0.99854664     0.00144641
      172     0.00000632     0.99845119     0.00154249
      173     0.00000690     0.99850181     0.00149129
      174     0.00000882     0.99867351     0.00131767
      175     0.00001204     0.99888744     0.00110052
      176     0.00001629     0.99904685     0.00093687
      177     0.00002119     0.99908062     0.00089819
      178     0.00002636     0.99897485     0.00099879
      179     0.00003140     0.99877819     0.00119041
      180     0.00003598     0.99857892     0.00138510
      181     0.00004014     0.99845741     0.00150245
      182     0.00004392     0.99847506     0.00148102
      183     0.00004680     0.99862794     0.00132527
      184     0.00004850     0.99884325     0.00110825
      185     0.00004894     0.99902257     0.00092850
      186     0.00004820     0.99908689     0.00086491
      187     0.00004655     0.99901162     0.00094182
      188     0.00004429     0.99883593     0.00111979
      189     0.00004162     0.99864288     0.00131550
      190     0.00003868     0.99852052     0.00144080
      191     0.00003550     0.99852207     0.00144243
      192     0.00003209     0.99864340     0.00132450
      193     0.00002854     0.99882727     0.00114419
      194     0.00002495     0.99899124     0.00098381
      195     0.00002151     0.99906564     0.00091285
      196     0.00001837     0.99902393     0.00095770
      197     0.00001565     0.99889218     0.00109217
      198     0.00001338     0.99873457     0.00125205
      199     0.00001158     0.99862269     0.00136572
      200     0.00001024     0.99860344     0.00138631
      201     0.00000940     0.99868352     0.00130708
      202     0.00000924     0.99882723     0.00116353
      203     0.00001018     0.99896583     0.00102400
      204     0.00001269     0.99903955     0.00094776
      205     0.00001731     0.99902032     0.00096237
      206     0.00002453     0.99892129     0.00105418
      207     0.00003480     0.99878756     0.00117764
      208     0.00004853     0.99867373     0.00127775
      209     0.00006614     0.99861931     0.00131454
      210     0.00008821     0.99863301     0.00127878
      211     0.00011542     0.99869186     0.00119272
      212     0.00014851     0.99875430     0.00109720
      213     0.00018811     0.99877980     0.00103209
      214     0.00023458     0.99874590     0.00101953
      215     0.00028793     0.99865527     0.00105680
      216     0.00034783     0.99853113     0.00112104
      217     0.00041376     0.99840424     0.00118200
      218     0.00048517     0.99829861     0.00121622
      219     0.00056158     0.99822249     0.00121593
      220     0.00064257     0.99816795     0.00118948
      221     0.00072361     0.99812045     0.00115593
      222     0.00080182     0.99806670     0.00113149
      223     0.00087872     0.99800025     0.00112103
      224     0.00095264     0.99792632     0.00112104
      225     0.00102179     0.99785560     0.00112261
      226     0.00108452     0.99779683     0.00111864
      227     0.00113954     0.99775106     0.00110940
      228     0.00118596     0.99771104     0.00110300
      229     0.00122330     0.99766614     0.00111056
      230     0.00125131     0.99761020     0.00113849
      231     0.00126982     0.99754779     0.00118239
      232     0.00127863     0.99749512     0.00122625
      233     0.00127750     0.99747424     0.00124827
      234     0.00126626     0.99750269     0.00123105
      235     0.00124496     0.99758335     0.00117169
      236     0.00121398     0.99769963     0.00108639
      237     0.00117405     0.99781911     0.00100684
      238     0.00112624     0.99790518     0.00096858
      239     0.00107179     0.99793228     0.00099593
      240     0.00101199     0.99789842     0.00108959
      241     0.00095148     0.99783420     0.00121433
      242     0.00088895     0.99778619     0.00132486
      243     0.00082081     0.99779485     0.00138434
      244     0.00074851     0.99788943     0.00136206
      245     0.00067361     0.99807060     0.00125579
      246     0.00059779     0.99830596     0.00109624
      247     0.00052280     0.99853849     0.00093871
      248     0.00045030     0.99870553     0.00084417
      249     0.00038179     0.99876189     0.00085632
      250     0.00031845     0.99869838     0.00098317
      251     0.00026115     0.99854819     0.00119066
      252     0.00021043     0.99837790     0.00141166
      253     0.00016654     0.99826536     0.00156810
      254     0.00012949     0.99827175     0.00159876
      255     0.00009911     0.99841792     0.00148297
      256     0.00007505     0.99867385     0.00125110
      257     0.00005679     0.99896588     0.00097733
      258     0.00004366     0.99920018     0.00075617
      259     0.00003485     0.99929484     0.00067031
      260     0.00002947     0.99920972     0.00076080
      261     0.00002692     0.99898604     0.00098705
      262     0.00002620     0.99871117     0.00126263
      263     0.00002633     0.99845730     0.00151638
      264     0.00002674     0.99831214     0.00166111
      265     0.00002707     0.99833159     0.00164135
      266     0.00002707     0.99851855     0.00145437
      267     0.00002669     0.99881894     0.00115437
      268     0.00002600     0.99913683     0.00083717
      269     0.00002522     0.99936479     0.00060999
      270     0.00002469     0.99941963     0.00055567
      271     0.00002483     0.99927178     0.00070339
      272     0.00002610     0.99895786     0.00101604
      273     0.00002898     0.99857157     0.00139945
      274     0.00003389     0.99823487     0.00173124
      275     0.00004121     0.99805830     0.00190048
      276     0.00005120     0.99810339     0.00184541
      277     0.00006400     0.99835979     0.00157621
      278     0.00007957     0.99874565     0.00117478
      279     0.00009775     0.99913184     0.00077041
      280     0.00011819     0.99938329     0.00049851
      281     0.00013743     0.99941005     0.00045252
      282     0.00015385     0.99925217     0.00059398
      283     0.00016946     0.99895983     0.00087071
      284     0.00018379     0.99861909     0.00119712
      285     0.00019638     0.99833663     0.00146699
      286     0.00020685     0.99820471     0.00158844
      287     0.00021485     0.99826931     0.00151583
      288     0.00022015     0.99851246     0.00126739
      289     0.00022259     0.99885557     0.00092184
      290     0.00022213     0.99918373     0.00059414
      291     0.00021883     0.99938358     0.00039759
      292     0.00021285     0.99938244     0.00040471
      293     0.00020442     0.99917515     0.00062043
      294     0.00019387     0.99882866     0.00097747
      295     0.00018159     0.99846156     0.00135685
      296     0.00016805     0.99820447     0.00162748
      297     0.00015375     0.99815429     0.00169196
      298     0.00013923     0.99833815     0.00152262
      299     0.00012500     0.99870072     0.00117427
      300     0.00011154     0.99912050     0.00076795
      301     0.00010115     0.99940829     0.00049056
      302     0.00009403     0.99951252     0.00039344
      303     0.00008846     0.99945089     0.00046064
      304     0.00008479     0.99924136     0.00067385
      305     0.00008334     0.99895734     0.00095932
      306     0.00008444     0.99870256     0.00121300
      307     0.00008837     0.99857314     0.00133849
      308     0.00009537     0.99862033     0.00128430
      309     0.00010558     0.99882853     0.00106589
      310     0.00011906     0.99911796     0.00076299
      311     0.00013586     0.99937258     0.00049156
      312     0.00015607     0.99948400     0.00035992
      313     0.00017991     0.99939483     0.00042526
      314     0.00020780     0.99912409     0.00066812
      315     0.00024035     0.99876324     0.00099641
      316     0.00027839     0.99844222     0.00127939
      317     0.00032293     0.99827745     0.00139962
      318     0.00037515     0.99832220     0.00130266
      319     0.00043646     0.99854029     0.00102325
      320     0.00050866     0.99881610     0.00067524
      321     0.00057656     0.99897651     0.00044694
      322     0.00063499     0.99898037     0.00038464
      323     0.00069814     0.99883677     0.00046509
      324     0.00076692     0.99857286     0.00066022
      325     0.00084253     0.99826860     0.00088887
      326     0.00092639     0.99802359     0.00105002
      327     0.00102011     0.99791221     0.00106768
      328     0.00112543     0.99794700     0.00092756
      329     0.00124448     0.99806777     0.00068775
      330     0.00137986     0.99816378     0.00045636
      331     0.00153498     0.99812124     0.00034378
      332     0.00171419     0.99787561     0.00041021
      333     0.00192284     0.99744387     0.00063329
      334     0.00216730     0.99691938     0.00091332
      335     0.00245480     0.99642834     0.00111686
      336     0.00279344     0.99606610     0.00114046
      337     0.00319229     0.99584312     0.00096459
      338     0.00366186     0.99566871     0.00066942
      339     0.00421495     0.99538408     0.00040098
      340     0.00486767     0.99483194     0.00030039
      341     0.00544479     0.99416374     0.00039147
      342     0.00587610     0.99356956     0.00055433
      343     0.00630627     0.99296870     0.00072503
      344     0.00673225     0.99245526     0.00081249
      345     0.00715057     0.99208634     0.00076309
      346     0.00755761     0.99184823     0.00059416
      347     0.00795011     0.99165872     0.00039117
      348     0.00832564     0.99140821     0.00026615
      349     0.00868288     0.99102039     0.00029673
      350     0.00902152     0.99049989     0.00047858
      351     0.00934193     0.98993759     0.00072047
      352     0.00964485     0.98946594     0.00088921
      353     0.00993129     0.98918497     0.00088374
      354     0.01020296     0.98909966     0.00069738
      355     0.01046293     0.98910708     0.00042999
      356     0.01071674     0.98904617     0.00023709
      357     0.01097385     0.98878562     0.00024053
      358     0.01125047     0.98829825     0.00045129
      359     0.01157658     0.98766974     0.00075369
      360     0.01201646     0.98701619     0.00096734
      361     0.01236497     0.98667153     0.00096350
      362     0.01245869     0.98672992     0.00081139
      363     0.01236420     0.98703710     0.00059870
      364     0.01198285     0.98755664     0.00046052
      365     0.01117133     0.98833190     0.00049677
      366     0.01154543     0.98775381     0.00070076
      367     0.62910730     0.37005205     0.00084064
      368     0.85574024     0.14346536     0.00079440
      369     0.83413821     0.16488112     0.00098067
      370     0.82872345     0.16995577     0.00132078
      371     0.82693231     0.17147164     0.00159605
      372     0.82659626     0.17178950     0.00161424
      373     0.82706689     0.17158589     0.00134722
      374     0.82797533     0.17105877     0.00096591
      375     0.82904259     0.17022203     0.00073537
      376     0.83016203     0.16900674     0.00083123
      377     0.83148804     0.16730805     0.00120391
      378     0.83339600     0.16500720     0.00159680
      379     0.83629911     0.16197987     0.00172102
      380     0.84042077     0.15810820     0.00147102
      381     0.84847499     0.15039219     0.00113281
      382     0.85701841     0.14202493     0.00095666
      383     0.86546182     0.13356946     0.00096872
      384     0.87370771     0.12511007     0.00118222
      385     0.88182209     0.11673121     0.00144670
      386     0.88993624     0.10851129     0.00155247
      387     0.89808413     0.10051714     0.00139873
      388     0.90610723     0.09280178     0.00109099
      389     0.91371974     0.08540554     0.00087472
      390     0.92070070     0.07835846     0.00094084
      391     0.92706263     0.07168178     0.00125559
      392     0.93304496     0.06538771     0.00156733
      393     0.93891483     0.05947892     0.00160625
      394     0.94472904     0.05394878     0.00132218
      395     0.95026684     0.04878338     0.00094977
      396     0.95521496     0.04396429     0.00082076
      397     0.95946120     0.03947179     0.00106701
      398     0.96323244     0.03528709     0.00148047
      399     0.96692479     0.03139365     0.00168157
      400     0.97075295     0.02777752     0.00146954
      401     0.97451889     0.02433350     0.00114761
      402     0.97753639     0.02144651     0.00101711
      403     0.98001886     0.01888443     0.00109670
      404     0.98208923     0.01658206     0.00132871
      405     0.98401419     0.01449666     0.00148915
      406     0.98599353     0.01260222     0.00140425
      407     0.98797331     0.01088506     0.00114163
      408     0.98969409     0.00934038     0.00096553
      409     0.99038079     0.00854640     0.00107281
      410     0.99085212     0.00777724     0.00137064
      411     0.99137621     0.00707503     0.00154877
      412     0.99211317     0.00648383     0.00140300
      413     0.99287758     0.00604669     0.00107573
      414     0.99327101     0.00580202     0.00092697
      415     0.99308145     0.00577952     0.00113903
      416     0.99251731     0.00599614     0.00148654
      417     0.99198046     0.00645233     0.00156721
      418     0.99159986     0.00712895     0.00127120
      419     0.99107310     0.00798542     0.00094148
      420     0.99005429     0.00895959     0.00098612
      421     0.98904881     0.00970119     0.00125000
      422     0.98849129     0.01016071     0.00134799
      423     0.98818991     0.01057077     0.00123932
      424     0.98808091     0.01087217     0.00104691
      425     0.98796645     0.01100998     0.00102357
      426     0.98783758     0.01094235     0.00122006
      427     0.98796232     0.01064912     0.00138856
      428     0.98856820     0.01013884     0.00129295
      429     0.98950295     0.00945299     0.00104407
      430     0.99032735     0.00869044     0.00098221
      431     0.99085569     0.00793160     0.00121271
      432     0.99128642     0.00728754     0.00142604
      433     0.99182716     0.00686411     0.00130873
      434     0.99224675     0.00674212     0.00101113
      435     0.99207212     0.00695828     0.00096960
      436     0.99124089     0.00749120     0.00126791
      437     0.99027341     0.00825654     0.00147004
      438     0.98963266     0.00911441     0.00125293
      439     0.98917705     0.00988951     0.00093344
      440     0.98857753     0.01040363     0.00101885
      441     0.98821193     0.01050618     0.00128189
      442     0.98835876     0.01034307     0.00129817
      443     0.98889806     0.00997253     0.00112941
      444     0.98948126     0.00947011     0.00104863
      445     0.98982731     0.00896405     0.00120865
      446     0.99003937     0.00860749     0.00135313
      447     0.99024769     0.00853166     0.00122065
      448     0.99018341     0.00880026     0.00101633
      449     0.98951604     0.00938405     0.00109990
      450     0.98846829     0.01017998     0.00135173
      451     0.98755936     0.01107322     0.00136742
      452     0.98706244     0.01175733     0.00118023
      453     0.98741730     0.01148417     0.00109853
      454     0.98878877     0.00997756     0.00123367
      455     0.99081281     0.00787057     0.00131662
      456     0.99280160     0.00607833     0.00112006
      457     0.99371419     0.00528925     0.00099656
      458     0.99304896     0.00567963     0.00127140
      459     0.99158386     0.00691395     0.00150219
      460     0.99044090     0.00833346     0.00122564
      461     0.98999700     0.00902091     0.00098208
      462     0.98995696     0.00897581     0.00106723
      463     0.99031165     0.00848642     0.00120193
      464     0.99109331     0.00779947     0.00110722
      465     0.99172862     0.00730786     0.00096352
      466     0.99158615     0.00731953     0.00109432
      467     0.99085401     0.00785579     0.00129020
      468     0.99022738     0.00861081     0.00116182
      469     0.98995719     0.00911352     0.00092929
      470     0.98994632     0.00901998     0.00103370
      471     0.99038723     0.00836724     0.00124553
      472     0.99130002     0.00759351     0.00110647
      473     0.99184520     0.00725461     0.00090019
      474     0.99128100     0.00760981     0.00110919
      475     0.99023156     0.00839722     0.00137122
      476     0.98983310     0.00900198     0.00116492
      477     0.99016504     0.00892507     0.00090989
      478     0.99067208     0.00821488     0.00111304
      479     0.99123205     0.00748899     0.00127896
      480     0.99158937     0.00743117     0.00097945
      481     0.99124962     0.00790123     0.00084915
      482     0.99076555     0.00823998     0.00099447
      483     0.99067525     0.00827301     0.00105175
      484     0.99116790     0.00791989     0.00091221
      485     0.99158309     0.00750147     0.00091544
      486     0.99146202     0.00745246     0.00108552
      487     0.99110299     0.00786464     0.00103238
      488     0.99083002     0.00833809     0.00083189
      489     0.99074025     0.00836400     0.00089574
      490     0.99106438     0.00789422     0.00104140
      491     0.99164496     0.00745139     0.00090365
      492     0.99163264     0.00756124     0.00080612
      493     0.99086510     0.00810619     0.00102870
      494     0.99047119     0.00841164     0.00111717
      495     0.99102933     0.00805469     0.00091598
      496     0.99162052     0.00743949     0.00093999
      497     0.99150234     0.00735354     0.00114412
      498     0.99103673     0.00795566     0.00100761
      499     0.99071804     0.00849120     0.00079077
      500     0.99082037     0.00825050     0.00092913
      501     0.99124040     0.00776577     0.00099383
      502     0.99139822     0.00771022     0.00089156
      503     0.99108664     0.00799965     0.00091371
      504     0.99074921     0.00820991     0.00104087
      505     0.99101698     0.00798396     0.00099906
      506     0.99145401     0.00760541     0.00094058
      507     0.99130592     0.00762583     0.00106826
      508     0.99087825     0.00802325     0.00109850
      509     0.99085860     0.00818764     0.00095376
      510     0.99117634     0.00785510     0.00096856
      511     0.99137904     0.00757249     0.00104847
      512     0.99122728     0.00785833     0.00091439
      513     0.99085084     0.00831392     0.00083525
      514     0.99083404     0.00821103     0.00095493
      515     0.99135036     0.00771750     0.00093214
      516     0.99149211     0.00766755     0.00084034
      517     0.99089041     0.00812894     0.00098065
      518     0.99068452     0.00823739     0.00107809
      519     0.99130016     0.00771444     0.00098540
      520     0.99152281     0.00741990     0.00105729
      521     0.99112211     0.00771167     0.00116622
      522     0.99101330     0.00787831     0.00110838
      523     0.99124009     0.00768583     0.00107408
      524     0.99137457     0.00750102     0.00112441
      525     0.99120805     0.00772433     0.00106762
      526     0.99101903     0.00800099     0.00097998
      527     0.99113669     0.00784844     0.00101486
      528     0.99140160     0.00759721     0.00100119
      529     0.99129585     0.00778352     0.00092062
      530     0.99095643     0.00807456     0.00096901
      531     0.99109432     0.00787895     0.00102673
      532     0.99147744     0.00753555     0.00098701
      533     0.99127777     0.00767520     0.00104703
      534     0.99089872     0.00794511     0.00115617
      535     0.99115937     0.00770255     0.00113808
      536     0.99149206     0.00734839     0.00115955
      537     0.99119732     0.00754579     0.00125689
      538     0.99092594     0.00785044     0.00122363
      539     0.99122270     0.00761239     0.00116491
      540     0.99144785     0.00735487     0.00119729
      541     0.99123693     0.00760643     0.00115664
      542     0.99112336     0.00778771     0.00108893
      543     0.99129022     0.00763021     0.00107956
      544     0.99140412     0.00754620     0.00104968
      545     0.99121153     0.00780600     0.00098248
      546     0.99110525     0.00791553     0.00097922
      547     0.99134204     0.00767287     0.00098509
      548     0.99141292     0.00763094     0.00095614
      549     0.99113130     0.00788150     0.00098721
      550     0.99112972     0.00782682     0.00104347
      551     0.99143182     0.00750898     0.00105920
      552     0.99134292     0.00754049     0.00111658
      553     0.99106008     0.00773885     0.00120106
      554     0.99123587     0.00753221     0.00123192
      555     0.99146267     0.00726289     0.00127443
      556     0.99122385     0.00743746     0.00133868
      557     0.99107263     0.00758460     0.00134277
      558     0.99134548     0.00732375     0.00133077
      559     0.99141809     0.00724640     0.00133550
      560     0.99113224     0.00757636     0.00129140
      561     0.99112238     0.00764493     0.00123270
      562     0.99131444     0.00748738     0.00119817
      563     0.99125694     0.00759635     0.00114671
      564     0.99107642     0.00783908     0.00108451
      565     0.99119078     0.00776724     0.00104198
      566     0.99134205     0.00765688     0.00100107
      567     0.99117292     0.00786524     0.00096184
      568     0.99107421     0.00797779     0.00094800
      569     0.99128372     0.00776831     0.00094797
      570     0.99130891     0.00773396     0.00095713
      571     0.99108684     0.00792445     0.00098871
      572     0.99114342     0.00782254     0.00103405
      573     0.99134439     0.00756973     0.00108589
      574     0.99121478     0.00763883     0.00114639
      575     0.99106326     0.00772718     0.00120955
      576     0.99124482     0.00748493     0.00127025
      577     0.99133015     0.00734867     0.00132118
      578     0.99112140     0.00751883     0.00135976
      579     0.99110886     0.00750121     0.00138993
      580     0.99132139     0.00728030     0.00139831
      581     0.99126995     0.00734435     0.00138570
      582     0.99110883     0.00752130     0.00136986
      583     0.99121970     0.00744261     0.00133769
      584     0.99134170     0.00737073     0.00128757
      585     0.99118361     0.00757278     0.00124361
      586     0.99112156     0.00768306     0.00119538
      587     0.99130353     0.00755955     0.00113692
      588     0.99129418     0.00760831     0.00109750
      589     0.99111941     0.00781300     0.00106759
      590     0.99119565     0.00777011     0.00103425
      591     0.99133461     0.00763770     0.00102770
      592     0.99121102     0.00775126     0.00103772
      593     0.99112408     0.00783298     0.00104294
      594     0.99126968     0.00765730     0.00107302
      595     0.99130343     0.00757899     0.00111758
      596     0.99115629     0.00769694     0.00114678
      597     0.99116836     0.00764112     0.00119052
      598     0.99130579     0.00745194     0.00124227
      599     0.99125488     0.00747964     0.00126548
      600     0.99113365     0.00757546     0.00129089
      601     0.99122555     0.00745230     0.00132215
      602     0.99132994     0.00735331     0.00131675
      603     0.99120034     0.00749388     0.00130579
      604     0.99113718     0.00755801     0.00130481
      605     0.99129063     0.00743904     0.00127033
      606     0.99129950     0.00746998     0.00123052
      607     0.99114439     0.00764423     0.00121139
      608     0.99119182     0.00763664     0.00117154
      609     0.99132317     0.00754576     0.00113107
      610     0.99123282     0.00764635     0.00112083
      611     0.99114247     0.00775588     0.00110165
      612     0.99125310     0.00766317     0.00108373
      613     0.99130036     0.00760140     0.00109824
      614     0.99118993     0.00770198     0.00110809
      615     0.99117615     0.00770987     0.00111397
      616     0.99127650     0.00757737     0.00114613
      617     0.99126847     0.00755996     0.00117156
      618     0.99117857     0.00763789     0.00118354
      619     0.99120266     0.00758549     0.00121185
      620     0.99128401     0.00748460     0.00123140
      621     0.99123008     0.00753906     0.00123086
      622     0.99112755     0.00762906     0.00124339
      623     0.99121084     0.00754164     0.00124752
      624     0.99129151     0.00748496     0.00122353
      625     0.99118748     0.00760270     0.00120982
      626     0.99113851     0.00766377     0.00119772
      627     0.99125061     0.00758299     0.00116641
      628     0.99126535     0.00758837     0.00114628
      629     0.99116020     0.00770281     0.00113699
      630     0.99117306     0.00770817     0.00111876
      631     0.99126163     0.00762771     0.00111065
      632     0.99123238     0.00765236     0.00111526
      633     0.99116216     0.00772147     0.00111637
      634     0.99119886     0.00767882     0.00112232
      635     0.99125365     0.00761131     0.00113503
      636     0.99121355     0.00764103     0.00114542
      637     0.99117216     0.00767265     0.00115519
      638     0.99121407     0.00762302     0.00116291
      639     0.99124131     0.00758932     0.00116937
      640     0.99120126     0.00762333     0.00117541
      641     0.99118843     0.00763972     0.00117185
      642     0.99125061     0.00758008     0.00116931
      643     0.99125567     0.00756856     0.00117577
      644     0.99120922     0.00762594     0.00116484
      645     0.99121126     0.00763457     0.00115417
      646     0.99124059     0.00759484     0.00116457
      647     0.99124235     0.00759928     0.00115837
      648     0.99122363     0.00763159     0.00114478
      649     0.99121328     0.00762580     0.00116092
      650     0.99123087     0.00760532     0.00116381
      651     0.99124593     0.00760954     0.00114453
      652     0.99122453     0.00761850     0.00115697
      653     0.99121359     0.00762140     0.00116501
      654     0.99123458     0.00763002     0.00113540
      655     0.99123554     0.00763142     0.00113304
      656     0.99122624     0.00763032     0.00114344
      657     0.99123160     0.00765953     0.00110887
      658     0.99121835     0.00768987     0.00109178
      659     0.99122021     0.00767027     0.00110952
      660     0.99125808     0.00765492     0.00108700
      661     0.99121828     0.00771824     0.00106348
      662     0.99113274     0.00774889     0.00111837
      663     0.99122995     0.00764177     0.00112828
      664     0.99130570     0.00758648     0.00110782
      665     0.99115571     0.00766214     0.00118215
      666     0.99111833     0.00764005     0.00124162
      667     0.99130052     0.00746943     0.00123005
      668     0.99128517     0.00742361     0.00129122
      669     0.99109867     0.00752734     0.00137399
      670     0.99116196     0.00748017     0.00135787
      671     0.99133074     0.00730443     0.00136483
      672     0.99123736     0.00733517     0.00142747
      673     0.99109311     0.00750704     0.00139985
      674     0.99119674     0.00746464     0.00133862
      675     0.99132445     0.00732839     0.00134717
      676     0.99122088     0.00746750     0.00131162
      677     0.99109415     0.00769526     0.00121059
      678     0.99120124     0.00763120     0.00116756
      679     0.99133875     0.00752513     0.00113612
      680     0.99121331     0.00774134     0.00104535
      681     0.99105763     0.00795610     0.00098627
      682     0.99123799     0.00778546     0.00097655
      683     0.99140253     0.00766580     0.00093167
      684     0.99117173     0.00792609     0.00090218
      685     0.99103332     0.00803164     0.00093505
      686     0.99131027     0.00772829     0.00096144
      687     0.99140063     0.00761390     0.00098547
      688     0.99109447     0.00785039     0.00105514
      689     0.99106332     0.00780472     0.00113196
      690     0.99137679     0.00742809     0.00119511
      691     0.99135031     0.00737743     0.00127226
      692     0.99104670     0.00760187     0.00135142
      693     0.99112102     0.00746187     0.00141711
      694     0.99140718     0.00712217     0.00147065
      695     0.99129430     0.00720227     0.00150342
      696     0.99102526     0.00744581     0.00152892
      697     0.99117453     0.00728176     0.00154371
      698     0.99142713     0.00705867     0.00151420
      699     0.99123611     0.00728910     0.00147480
      700     0.99100694     0.00753995     0.00145311
      701     0.99122163     0.00738505     0.00139333
      702     0.99137972     0.00730328     0.00131700
      703     0.99114180     0.00757634     0.00128186
      704     0.99103668     0.00772948     0.00123384
      705     0.99129726     0.00755147     0.00115126
      706     0.99133654     0.00754160     0.00112185
      707     0.99107880     0.00780733     0.00111387
      708     0.99110419     0.00783407     0.00106174
      709     0.99133280     0.00761207     0.00105512
      710     0.99126023     0.00764024     0.00109953
      711     0.99107614     0.00783118     0.00109268
      712     0.99116968     0.00772554     0.00110478
      713     0.99131214     0.00750069     0.00118717
      714     0.99121943     0.00756436     0.00121620
      715     0.99110095     0.00767628     0.00122277
      716     0.99118760     0.00750550     0.00130690
      717     0.99130192     0.00734847     0.00134961
      718     0.99120845     0.00746518     0.00132637
      719     0.99109204     0.00753396     0.00137400
      720     0.99121305     0.00737678     0.00141017
      721     0.99131066     0.00732930     0.00136004
      722     0.99118659     0.00745675     0.00135666
      723     0.99113640     0.00748843     0.00137517
      724     0.99127953     0.00740051     0.00131996
      725     0.99128028     0.00743147     0.00128824
