#     Density Matrix: population Re; see the manual for detail orders
        0     0.00000000     0.00000000     1.00000000
        1     0.00000000     0.00000030     0.99999970
        2     0.00000000     0.00000294     0.99999706
        3     0.00000001     0.00000904     0.99999095
        4     0.00000003     0.00001893     0.99998105
        5     0.00000003     0.00003213     0.99996785
        6     0.00000002     0.00004739     0.99995259
        7     0.00000006     0.00006300     0.99993694
        8     0.00000012     0.00007732     0.99992256
        9     0.00000012     0.00008950     0.99991039
       10     0.00000011     0.00010030     0.99989959
       11     0.00000019     0.00011286     0.99988695
       12     0.00000028     0.00013331     0.99986640
       13     0.00000028     0.00017151     0.99982821
       14     0.00000026     0.00024201     0.99975772
       15     0.00000037     0.00036595     0.99963368
       16     0.00000051     0.00057482     0.99942468
       17     0.00000051     0.00091870     0.99908079
       18     0.00000047     0.00148395     0.99851558
       19     0.00000057     0.00243274     0.99756669
       20     0.00000074     0.00409618     0.99590308
       21     0.00000063     0.00588967     0.99410970
       22     0.00000017     0.00710376     0.99289607
       23     0.00000006     0.00823774     0.99176221
       24     0.00000060     0.00933102     0.99066837
       25     0.00000094     0.01066957     0.98932948
       26     0.00000049     0.01312029     0.98687921
       27     0.00000001     0.01895140     0.98104860
       28     0.00000037     0.03396926     0.96603037
       29     0.00000105     0.07301606     0.92698289
       30     0.00000093     0.17030227     0.82969680
       31     0.00000020     0.36781851     0.63218128
       32     0.00000006     0.59639689     0.40360305
       33     0.00000041     0.67021723     0.32978236
       34     0.00000030     0.59340249     0.40659721
       35     0.00000001     0.48212437     0.51787562
       36     0.00000032     0.38673627     0.61326341
       37     0.00000098     0.31430691     0.68569211
       38     0.00000111     0.26143140     0.73856749
       39     0.00000056     0.22365614     0.77634330
       40     0.00000013     0.19724458     0.80275530
       41     0.00000028     0.18293205     0.81706767
       42     0.00000034     0.17615089     0.82384878
       43     0.00000020     0.17141728     0.82858252
       44     0.00000006     0.16850990     0.83149004
       45     0.00000012     0.16705108     0.83294881
       46     0.00000032     0.16685074     0.83314894
       47     0.00000041     0.16760523     0.83239436
       48     0.00000028     0.16899455     0.83100517
       49     0.00000010     0.17071962     0.82928028
       50     0.00000011     0.17251392     0.82748597
       51     0.00000030     0.17414960     0.82585009
       52     0.00000047     0.17544143     0.82455810
       53     0.00000040     0.17624733     0.82375227
       54     0.00000019     0.17646679     0.82353301
       55     0.00000010     0.17603767     0.82396223
       56     0.00000025     0.17493181     0.82506795
       57     0.00000047     0.17315058     0.82684895
       58     0.00000052     0.17071952     0.82927996
       59     0.00000035     0.16768300     0.83231665
       60     0.00000016     0.16409963     0.83590021
       61     0.00000013     0.15992574     0.84007413
       62     0.00000016     0.15537985     0.84461999
       63     0.00000018     0.15066507     0.84933476
       64     0.00000018     0.14581527     0.85418455
       65     0.00000016     0.14086528     0.85913456
       66     0.00000015     0.13584947     0.86415038
       67     0.00000017     0.13080097     0.86919886
       68     0.00000019     0.12575110     0.87424870
       69     0.00000021     0.12072862     0.87927116
       70     0.00000021     0.11575927     0.88424052
       71     0.00000019     0.11086545     0.88913436
       72     0.00000018     0.10606629     0.89393353
       73     0.00000020     0.10137755     0.89862225
       74     0.00000023     0.09681176     0.90318801
       75     0.00000024     0.09237834     0.90762142
       76     0.00000024     0.08808363     0.91191613
       77     0.00000022     0.08393123     0.91606855
       78     0.00000021     0.07992212     0.92007767
       79     0.00000022     0.07605479     0.92394498
       80     0.00000025     0.07232543     0.92767432
       81     0.00000026     0.06883465     0.93116510
       82     0.00000019     0.06557196     0.93442785
       83     0.00000011     0.06241872     0.93758117
       84     0.00000009     0.05936479     0.94063512
       85     0.00000015     0.05639864     0.94360121
       86     0.00000024     0.05350701     0.94649275
       87     0.00000029     0.05067431     0.94932540
       88     0.00000024     0.04788184     0.95211791
       89     0.00000016     0.04510655     0.95489330
       90     0.00000010     0.04231910     0.95768080
       91     0.00000013     0.03948086     0.96051901
       92     0.00000022     0.03653899     0.96346079
       93     0.00000030     0.03341832     0.96658138
       94     0.00000030     0.03000706     0.96999264
       95     0.00000023     0.02613152     0.97386825
       96     0.00000014     0.02151277     0.97848709
       97     0.00000012     0.01571438     0.98428550
       98     0.00000000     0.00000000     1.00000000
       99     0.00000017     0.01018260     0.98981723
      100     0.00000051     0.18616552     0.81383397
      101     0.00000072     0.62843082     0.37156846
      102     0.00000064     0.84788425     0.15211511
      103     0.00000034     0.90057091     0.09942875
      104     0.00000006     0.92020349     0.07979644
      105     0.00000002     0.92996708     0.07003289
      106     0.00000026     0.93564177     0.06435797
      107     0.00000059     0.93927029     0.06072912
      108     0.00000076     0.94174539     0.05825386
      109     0.00000064     0.94351631     0.05648305
      110     0.00000033     0.94483323     0.05516644
      111     0.00000005     0.94584607     0.05415388
      112     0.00000003     0.94665021     0.05334976
      113     0.00000027     0.94731085     0.05268888
      114     0.00000061     0.94787458     0.05212481
      115     0.00000079     0.94837615     0.05162306
      116     0.00000069     0.94884666     0.05115265
      117     0.00000038     0.94932446     0.05067516
      118     0.00000008     0.94979993     0.05019999
      119     0.00000001     0.95028130     0.04971869
      120     0.00000023     0.95077457     0.04922520
      121     0.00000056     0.95127549     0.04872395
      122     0.00000078     0.95178425     0.04821497
      123     0.00000073     0.95230982     0.04768945
      124     0.00000045     0.95285299     0.04714656
      125     0.00000014     0.95341335     0.04658652
      126     0.00000000     0.95398952     0.04601048
      127     0.00000014     0.95457952     0.04542034
      128     0.00000048     0.95518086     0.04481866
      129     0.00000079     0.95579044     0.04420877
      130     0.00000087     0.95640466     0.04359446
      131     0.00000067     0.95701927     0.04298006
      132     0.00000032     0.95762942     0.04237026
      133     0.00000005     0.95822995     0.04177000
      134     0.00000004     0.95881557     0.04118439
      135     0.00000032     0.95938102     0.04061866
      136     0.00000072     0.95992126     0.04007802
      137     0.00000100     0.96043151     0.03956749
      138     0.00000099     0.96090717     0.03909184
      139     0.00000068     0.96134380     0.03865552
      140     0.00000028     0.96173730     0.03826242
      141     0.00000004     0.96208831     0.03791165
      142     0.00000011     0.96239566     0.03760423
      143     0.00000046     0.96265447     0.03734507
      144     0.00000090     0.96286445     0.03713464
      145     0.00000117     0.96302638     0.03697245
      146     0.00000111     0.96314200     0.03685689
      147     0.00000076     0.96321402     0.03678522
      148     0.00000033     0.96324622     0.03675345
      149     0.00000010     0.96324353     0.03675637
      150     0.00000023     0.96321212     0.03678765
      151     0.00000067     0.96315947     0.03683985
      152     0.00000120     0.96309423     0.03690457
      153     0.00000152     0.96302594     0.03697254
      154     0.00000145     0.96296470     0.03703386
      155     0.00000103     0.96292089     0.03707808
      156     0.00000052     0.96290497     0.03709451
      157     0.00000022     0.96292725     0.03707253
      158     0.00000033     0.96299790     0.03700177
      159     0.00000081     0.96312663     0.03687256
      160     0.00000142     0.96332239     0.03667620
      161     0.00000181     0.96361658     0.03638162
      162     0.00000175     0.96400856     0.03598969
      163     0.00000129     0.96447809     0.03552062
      164     0.00000067     0.96502734     0.03497199
      165     0.00000025     0.96565670     0.03434305
      166     0.00000023     0.96636500     0.03363477
      167     0.00000065     0.96714967     0.03284968
      168     0.00000130     0.96800673     0.03199197
      169     0.00000185     0.96893086     0.03106729
      170     0.00000205     0.96991527     0.03008267
      171     0.00000181     0.97095179     0.02904639
      172     0.00000126     0.97203089     0.02796785
      173     0.00000065     0.97314184     0.02685751
      174     0.00000029     0.97427298     0.02572673
      175     0.00000034     0.97541222     0.02458744
      176     0.00000081     0.97654721     0.02345198
      177     0.00000150     0.97766555     0.02233295
      178     0.00000214     0.97875490     0.02124295
      179     0.00000248     0.97980305     0.02019447
      180     0.00000238     0.98079794     0.01919968
      181     0.00000191     0.98168939     0.01830870
      182     0.00000122     0.98247371     0.01752507
      183     0.00000057     0.98318255     0.01681688
      184     0.00000027     0.98380865     0.01619107
      185     0.00000053     0.98434619     0.01565329
      186     0.00000130     0.98479106     0.01520764
      187     0.00000235     0.98514102     0.01485662
      188     0.00000329     0.98539576     0.01460095
      189     0.00000375     0.98555700     0.01443926
      190     0.00000354     0.98562848     0.01436799
      191     0.00000277     0.98561614     0.01438109
      192     0.00000180     0.98552829     0.01446991
      193     0.00000110     0.98537578     0.01462311
      194     0.00000105     0.98517208     0.01482687
      195     0.00000177     0.98493320     0.01506502
      196     0.00000304     0.98467747     0.01531949
      197     0.00000441     0.98442490     0.01557069
      198     0.00000536     0.98419648     0.01579816
      199     0.00000554     0.98401323     0.01598123
      200     0.00000491     0.98389529     0.01609980
      201     0.00000379     0.98389971     0.01609650
      202     0.00000245     0.98402443     0.01597312
      203     0.00000123     0.98423821     0.01576056
      204     0.00000060     0.98454882     0.01545058
      205     0.00000079     0.98496038     0.01503883
      206     0.00000173     0.98547301     0.01452525
      207     0.00000309     0.98608251     0.01391440
      208     0.00000443     0.98678006     0.01321551
      209     0.00000533     0.98755218     0.01244250
      210     0.00000553     0.98838061     0.01161386
      211     0.00000501     0.98924263     0.01075236
      212     0.00000000     1.00000000     0.00000000
      213     0.00000112     0.99998676     0.00001212
      214     0.00000422     0.99994616     0.00004962
      215     0.00000840     0.99987828     0.00011331
      216     0.00001241     0.99978491     0.00020268
      217     0.00001499     0.99966931     0.00031570
      218     0.00001531     0.99953585     0.00044884
      219     0.00001326     0.99938972     0.00059701
      220     0.00000948     0.99923674     0.00075378
      221     0.00000553     0.99910088     0.00089359
      222     0.00000232     0.99899193     0.00100575
      223     0.00000032     0.99890051     0.00109917
      224     0.00000023     0.99883222     0.00116755
      225     0.00000216     0.99879209     0.00120575
      226     0.00000564     0.99878422     0.00121014
      227     0.00000974     0.99881130     0.00117896
      228     0.00001335     0.99887402     0.00111263
      229     0.00001548     0.99897062     0.00101389
      230     0.00001556     0.99909654     0.00088789
      231     0.00001356     0.99924442     0.00074202
      232     0.00001004     0.99940439     0.00058557
      233     0.00000596     0.99956480     0.00042925
      234     0.00000247     0.99971308     0.00028445
      235     0.00000063     0.99983687     0.00016250
      236     0.00000108     0.99992516     0.00007376
      237     0.00000392     0.99996934     0.00002674
      238     0.00000862     0.99996403     0.00002736
      239     0.00001414     0.99990752     0.00007833
      240     0.00001921     0.99980203     0.00017876
      241     0.00002207     0.99967529     0.00030264
      242     0.00002189     0.99955181     0.00042629
      243     0.00001901     0.99942465     0.00055634
      244     0.00001412     0.99930232     0.00068356
      245     0.00000845     0.99919312     0.00079843
      246     0.00000346     0.99910459     0.00089195
      247     0.00000047     0.99904317     0.00095635
      248     0.00000034     0.99901374     0.00098592
      249     0.00000325     0.99901927     0.00097747
      250     0.00000867     0.99906050     0.00093082
      251     0.00001551     0.99913561     0.00084888
      252     0.00002233     0.99924002     0.00073764
      253     0.00002770     0.99936647     0.00060583
      254     0.00003048     0.99950523     0.00046429
      255     0.00003007     0.99964470     0.00032523
      256     0.00002653     0.99977223     0.00020125
      257     0.00002060     0.99987525     0.00010414
      258     0.00001360     0.99994259     0.00004381
      259     0.00000713     0.99996574     0.00002713
      260     0.00000277     0.99994005     0.00005718
      261     0.00000160     0.99988031     0.00011809
      262     0.00000245     0.99981131     0.00018624
      263     0.00000487     0.99973207     0.00026307
      264     0.00000848     0.99964998     0.00034154
      265     0.00001269     0.99957319     0.00041412
      266     0.00001672     0.99950972     0.00047356
      267     0.00001986     0.99946657     0.00051357
      268     0.00002155     0.99944891     0.00052954
      269     0.00002151     0.99945927     0.00051921
      270     0.00001981     0.99949718     0.00048301
      271     0.00001684     0.99955896     0.00042420
      272     0.00001325     0.99963797     0.00034877
      273     0.00000985     0.99972519     0.00026496
      274     0.00000743     0.99981013     0.00018243
      275     0.00000668     0.99988201     0.00011131
      276     0.00000803     0.99993096     0.00006100
      277     0.00001157     0.99994939     0.00003904
      278     0.00001704     0.99993302     0.00004994
      279     0.00002381     0.99988170     0.00009449
      280     0.00003102     0.99979971     0.00016927
      281     0.00003617     0.99971745     0.00024638
      282     0.00003760     0.99965923     0.00030316
      283     0.00003587     0.99961817     0.00034596
      284     0.00003124     0.99960010     0.00036866
      285     0.00002453     0.99960797     0.00036750
      286     0.00001691     0.99964127     0.00034182
      287     0.00000978     0.99969573     0.00029449
      288     0.00000452     0.99976373     0.00023175
      289     0.00000232     0.99983502     0.00016266
      290     0.00000395     0.99989809     0.00009795
      291     0.00000971     0.99994176     0.00004853
      292     0.00001929     0.99995689     0.00002383
      293     0.00003179     0.99993803     0.00003019
      294     0.00004583     0.99988463     0.00006954
      295     0.00005974     0.99980161     0.00013865
      296     0.00007174     0.99969915     0.00022911
      297     0.00008032     0.99959146     0.00032822
      298     0.00008444     0.99949482     0.00042073
      299     0.00008375     0.99942503     0.00049122
      300     0.00007867     0.99939447     0.00052685
      301     0.00007144     0.99940926     0.00051930
      302     0.00006186     0.99946712     0.00047102
      303     0.00004889     0.99956628     0.00038483
      304     0.00003431     0.99969056     0.00027513
      305     0.00002025     0.99981730     0.00016245
      306     0.00000898     0.99992118     0.00006983
      307     0.00000273     0.99997883     0.00001844
      308     0.00000335     0.99997372     0.00002293
      309     0.00001209     0.99990021     0.00008770
      310     0.00002933     0.99976576     0.00020492
      311     0.00005438     0.99959071     0.00035492
      312     0.00008556     0.99940524     0.00050920
      313     0.00012040     0.99924383     0.00063576
      314     0.00015596     0.99913817     0.00070586
      315     0.00018930     0.99910977     0.00070093
      316     0.00021779     0.99916411     0.00061810
      317     0.00023946     0.99928784     0.00047270
      318     0.00025310     0.99945021     0.00029669
      319     0.00025841     0.99960893     0.00013266
      320     0.00025616     0.99971961     0.00002423
      321     0.00024820     0.99975136     0.00000044
      322     0.00023171     0.99974807     0.00002022
      323     0.00020407     0.99972686     0.00006907
      324     0.00016776     0.99969437     0.00013787
      325     0.00012665     0.99966248     0.00021087
      326     0.00008572     0.99964490     0.00026937
      327     0.00005070     0.99965247     0.00029683
      328     0.00002758     0.99968842     0.00028401
      329     0.00002224     0.99974510     0.00023266
      330     0.00004013     0.99980353     0.00015635
      331     0.00008601     0.99983625     0.00007774
      332     0.00016377     0.99981351     0.00002273
      333     0.00027621     0.99971114     0.00001265
      334     0.00042492     0.99951820     0.00005688
      335     0.00061034     0.99924153     0.00014813
      336     0.00083207     0.99890524     0.00026269
      337     0.00108948     0.99854428     0.00036625
      338     0.00138263     0.99819291     0.00042446
      339     0.00171357     0.99787120     0.00041523
      340     0.00208754     0.99757363     0.00033883
      341     0.00238072     0.99737293     0.00024635
      342     0.00254596     0.99729566     0.00015838
      343     0.00267341     0.99725693     0.00006966
      344     0.00275670     0.99722456     0.00001874
      345     0.00279232     0.99717330     0.00003438
      346     0.00278107     0.99709779     0.00012114
      347     0.00272977     0.99701699     0.00025324
      348     0.00265279     0.99696596     0.00038125
      349     0.00257368     0.99697521     0.00045111
      350     0.00252684     0.99704430     0.00042887
      351     0.00255933     0.99712091     0.00031976
      352     0.00273319     0.99709648     0.00017033
      353     0.00312767     0.99682412     0.00004821
      354     0.00383956     0.99615465     0.00000580
      355     0.00497753     0.99497558     0.00004689
      356     0.00664723     0.99322917     0.00012360
      357     0.00892320     0.99089966     0.00017713
      358     0.01181326     0.98799546     0.00019128
      359     0.01523186     0.98457096     0.00019718
      360     0.01900252     0.98077526     0.00022222
      361     0.02182608     0.97792999     0.00024394
      362     0.02336342     0.97639099     0.00024559
      363     0.02458465     0.97517693     0.00023842
      364     0.02547644     0.97428783     0.00023572
      365     0.02604552     0.97370754     0.00024695
      366     0.02631969     0.97341318     0.00026713
      367     0.02634603     0.97337569     0.00027828
      368     0.02618615     0.97355126     0.00026259
      369     0.02590981     0.97387190     0.00021828
      370     0.02558987     0.97424424     0.00016589
      371     0.02529995     0.97456112     0.00013893
      372     0.02511425     0.97472265     0.00016310
      373     0.02510770     0.97465536     0.00023695
      374     0.02535469     0.97431797     0.00032734
      375     0.02592603     0.97368850     0.00038548
      376     0.02688530     0.97273819     0.00037651
      377     0.02828639     0.97140915     0.00030446
      378     0.03017264     0.96961639     0.00021097
      379     0.03257670     0.96727707     0.00014623
      380     0.03551914     0.96434239     0.00013846
      381     0.03800042     0.96182733     0.00017224
      382     0.04003308     0.95975654     0.00021038
      383     0.04229620     0.95746411     0.00023969
      384     0.04470931     0.95504640     0.00024429
      385     0.04717365     0.95260393     0.00022242
      386     0.04957399     0.95023925     0.00018675
      387     0.05178399     0.94805889     0.00015712
      388     0.05367451     0.94617517     0.00015032
      389     0.05512798     0.94470061     0.00017141
      390     0.05605361     0.94373634     0.00021005
      391     0.05640055     0.94335490     0.00024455
      392     0.05616517     0.94358123     0.00025360
      393     0.05538954     0.94438086     0.00022960
      394     0.05415525     0.94565992     0.00018483
      395     0.05257403     0.94728051     0.00014546
      396     0.05077817     0.94908559     0.00013624
      397     0.04891126     0.95092372     0.00016502
      398     0.04711978     0.95266349     0.00021673
      399     0.04554589     0.95419289     0.00026122
      400     0.04432420     0.95540478     0.00027102
