#     Density Matrix: population Re; see the manual for detail orders
        0     0.00000000     0.00000000     1.00000000
        1     0.00000000     0.00000030     0.99999970
        2     0.00000000     0.00000294     0.99999706
        3     0.00000001     0.00000904     0.99999095
        4     0.00000003     0.00001893     0.99998105
        5     0.00000003     0.00003213     0.99996785
        6     0.00000002     0.00004739     0.99995259
        7     0.00000006     0.00006300     0.99993694
        8     0.00000012     0.00007732     0.99992256
        9     0.00000012     0.00008950     0.99991039
       10     0.00000011     0.00010030     0.99989959
       11     0.00000019     0.00011286     0.99988695
       12     0.00000028     0.00013331     0.99986641
       13     0.00000028     0.00017150     0.99982822
       14     0.00000026     0.00024198     0.99975776
       15     0.00000037     0.00036585     0.99963378
       16     0.00000051     0.00057460     0.99942489
       17     0.00000051     0.00091832     0.99908117
       18     0.00000047     0.00148330     0.99851623
       19     0.00000057     0.00243154     0.99756790
       20     0.00000074     0.00409359     0.99590567
       21     0.00000063     0.00588508     0.99411428
       22     0.00000017     0.00709688     0.99290295
       23     0.00000006     0.00822669     0.99177326
       24     0.00000060     0.00931157     0.99068783
       25     0.00000094     0.01063058     0.98936848
       26     0.00000049     0.01303242     0.98696708
       27     0.00000001     0.01872838     0.98127162
       28     0.00000037     0.03334791     0.96665172
       29     0.00000105     0.07115051     0.92884844
       30     0.00000093     0.16468596     0.83531312
       31     0.00000020     0.35431185     0.64568795
       32     0.00000005     0.57931053     0.42068941
       33     0.00000040     0.66470442     0.33529518
       34     0.00000031     0.60284457     0.39715512
       35     0.00000001     0.50026632     0.49973367
       36     0.00000024     0.40801022     0.59198954
       37     0.00000082     0.33548751     0.66451167
       38     0.00000095     0.28101966     0.71897940
       39     0.00000046     0.24125766     0.75874188
       40     0.00000006     0.21314216     0.78685777
       41     0.00000021     0.19741787     0.80258192
       42     0.00000035     0.18989857     0.81010108
       43     0.00000028     0.18536214     0.81463758
       44     0.00000009     0.18348323     0.81651668
       45     0.00000005     0.18387122     0.81612873
       46     0.00000021     0.18609968     0.81390011
       47     0.00000037     0.18973627     0.81026336
       48     0.00000033     0.19436452     0.80563515
       49     0.00000013     0.19960191     0.80039796
       50     0.00000004     0.20511034     0.79488962
       51     0.00000017     0.21060283     0.78939700
       52     0.00000037     0.21584771     0.78415192
       53     0.00000039     0.22066768     0.77933193
       54     0.00000020     0.22493599     0.77506381
       55     0.00000005     0.22857141     0.77142854
       56     0.00000012     0.23153191     0.76846797
       57     0.00000033     0.23380772     0.76619194
       58     0.00000044     0.23541534     0.76458423
       59     0.00000031     0.23639077     0.76360892
       60     0.00000011     0.23678434     0.76321555
       61     0.00000006     0.23667638     0.76332356
       62     0.00000013     0.23620181     0.76379806
       63     0.00000023     0.23539900     0.76460077
       64     0.00000024     0.23431495     0.76568481
       65     0.00000015     0.23299775     0.76700210
       66     0.00000007     0.23149505     0.76850488
       67     0.00000008     0.22985257     0.77014735
       68     0.00000018     0.22811356     0.77188627
       69     0.00000025     0.22631831     0.77368143
       70     0.00000022     0.22450357     0.77549621
       71     0.00000013     0.22270217     0.77729771
       72     0.00000006     0.22094315     0.77905679
       73     0.00000010     0.21925172     0.78074818
       74     0.00000020     0.21764931     0.78235049
       75     0.00000025     0.21615380     0.78384595
       76     0.00000020     0.21477978     0.78522002
       77     0.00000011     0.21353890     0.78646099
       78     0.00000006     0.21244004     0.78755991
       79     0.00000010     0.21148975     0.78851015
       80     0.00000019     0.21069239     0.78930742
       81     0.00000023     0.21007247     0.78992730
       82     0.00000017     0.20962159     0.79037824
       83     0.00000007     0.20931641     0.79068352
       84     0.00000003     0.20915725     0.79084272
       85     0.00000008     0.20914387     0.79085604
       86     0.00000017     0.20927530     0.79072453
       87     0.00000021     0.20955015     0.79044964
       88     0.00000017     0.20996697     0.79003286
       89     0.00000007     0.21052434     0.78947558
       90     0.00000002     0.21122056     0.78877942
       91     0.00000006     0.21205384     0.78794610
       92     0.00000014     0.21302258     0.78697727
       93     0.00000019     0.21412514     0.78587467
       94     0.00000016     0.21535972     0.78464012
       95     0.00000008     0.21672468     0.78327524
       96     0.00000002     0.21821820     0.78178178
       97     0.00000004     0.21983832     0.78016164
       98     0.00000011     0.22158274     0.77841715
       99     0.00000016     0.22344863     0.77655121
      100     0.00000016     0.22543276     0.77456708
      101     0.00000009     0.22751743     0.77248248
      102     0.00000002     0.22969655     0.77030343
      103     0.00000001     0.23197708     0.76802291
      104     0.00000006     0.23435182     0.76564811
      105     0.00000013     0.23681228     0.76318760
      106     0.00000014     0.23934839     0.76065147
      107     0.00000010     0.24194855     0.75805136
      108     0.00000003     0.24459948     0.75540048
      109     0.00000000     0.24728633     0.75271366
      110     0.00000003     0.24999275     0.75000722
      111     0.00000009     0.25270105     0.74729887
      112     0.00000012     0.25539221     0.74460767
      113     0.00000010     0.25804629     0.74195361
      114     0.00000005     0.26064304     0.73935691
      115     0.00000001     0.26316199     0.73683801
      116     0.00000001     0.26558316     0.73441683
      117     0.00000005     0.26788754     0.73211241
      118     0.00000009     0.27005756     0.72994235
      119     0.00000009     0.27207775     0.72792216
      120     0.00000006     0.27393548     0.72606446
      121     0.00000001     0.27568119     0.72431880
      122     0.00000000     0.27730356     0.72269643
      123     0.00000003     0.27873708     0.72126289
      124     0.00000008     0.27998141     0.72001851
      125     0.00000010     0.28103990     0.71896000
      126     0.00000007     0.28191967     0.71808026
      127     0.00000003     0.28263083     0.71736915
      128     0.00000000     0.28318642     0.71681358
      129     0.00000002     0.28360186     0.71639812
      130     0.00000006     0.28389442     0.71610552
      131     0.00000010     0.28408269     0.71591721
      132     0.00000009     0.28418608     0.71581383
      133     0.00000005     0.28422433     0.71577563
      134     0.00000001     0.28421706     0.71578293
      135     0.00000001     0.28418345     0.71581654
      136     0.00000005     0.28414184     0.71585811
      137     0.00000010     0.28410945     0.71589046
      138     0.00000011     0.28410213     0.71589776
      139     0.00000008     0.28413429     0.71586563
      140     0.00000003     0.28421876     0.71578121
      141     0.00000000     0.28437238     0.71562762
      142     0.00000003     0.28460738     0.71539260
      143     0.00000009     0.28492564     0.71507427
      144     0.00000014     0.28533268     0.71466718
      145     0.00000014     0.28583237     0.71416749
      146     0.00000009     0.28642708     0.71357283
      147     0.00000003     0.28711773     0.71288224
      148     0.00000000     0.28790396     0.71209603
      149     0.00000004     0.28878412     0.71121583
      150     0.00000011     0.28975525     0.71024464
      151     0.00000015     0.29081329     0.70918655
      152     0.00000014     0.29195303     0.70804684
      153     0.00000008     0.29316833     0.70683160
      154     0.00000002     0.29445200     0.70554798
      155     0.00000000     0.29579590     0.70420409
      156     0.00000004     0.29719099     0.70280896
      157     0.00000010     0.29862755     0.70137235
      158     0.00000014     0.30009497     0.69990490
      159     0.00000012     0.30158201     0.69841787
      160     0.00000006     0.30307672     0.69692321
      161     0.00000001     0.30454583     0.69545416
      162     0.00000000     0.30597718     0.69402282
      163     0.00000003     0.30737867     0.69262131
      164     0.00000007     0.30873660     0.69126333
      165     0.00000009     0.31003703     0.68996288
      166     0.00000009     0.31126574     0.68873417
      167     0.00000006     0.31240836     0.68759158
      168     0.00000002     0.31345075     0.68654923
      169     0.00000000     0.31437892     0.68562108
      170     0.00000001     0.31517929     0.68482070
      171     0.00000004     0.31583888     0.68416108
      172     0.00000006     0.31634549     0.68365445
      173     0.00000008     0.31668783     0.68331209
      174     0.00000007     0.31685587     0.68314406
      175     0.00000004     0.31684103     0.68315893
      176     0.00000001     0.31663645     0.68336354
      177     0.00000000     0.31623728     0.68376272
      178     0.00000002     0.31564097     0.68435901
      179     0.00000006     0.31484755     0.68515239
      180     0.00000009     0.31385989     0.68614002
      181     0.00000009     0.31278638     0.68721352
      182     0.00000006     0.31166680     0.68833314
      183     0.00000002     0.31042468     0.68957530
      184     0.00000000     0.30907721     0.69092279
      185     0.00000003     0.30764411     0.69235586
      186     0.00000007     0.30614758     0.69385235
      187     0.00000010     0.30461204     0.69538786
      188     0.00000008     0.30306392     0.69693599
      189     0.00000004     0.30153136     0.69846860
      190     0.00000001     0.30004372     0.69995627
      191     0.00000001     0.29863132     0.70136867
      192     0.00000006     0.29732481     0.70267513
      193     0.00000009     0.29615480     0.70384511
      194     0.00000008     0.29515114     0.70484878
      195     0.00000004     0.29434243     0.70565753
      196     0.00000000     0.29375547     0.70624452
      197     0.00000002     0.29341439     0.70658559
      198     0.00000007     0.29334026     0.70665966
      199     0.00000012     0.29355034     0.70644954
      200     0.00000012     0.29405770     0.70594218
      201     0.00000007     0.29477287     0.70522707
      202     0.00000001     0.29562891     0.70437108
      203     0.00000001     0.29668479     0.70331520
      204     0.00000007     0.29791927     0.70208066
      205     0.00000016     0.29930703     0.70069282
      206     0.00000019     0.30081888     0.69918093
      207     0.00000014     0.30242214     0.69757772
      208     0.00000005     0.30408096     0.69591899
      209     0.00000000     0.30575667     0.69424333
      210     0.00000005     0.30740803     0.69259192
      211     0.00000016     0.30899172     0.69100812
      212     0.00000023     0.31046232     0.68953745
      213     0.00000022     0.31177265     0.68822713
      214     0.00000012     0.31287417     0.68712571
      215     0.00000003     0.31371743     0.68628254
      216     0.00000001     0.31425201     0.68574798
      217     0.00000007     0.31442754     0.68557239
      218     0.00000016     0.31419513     0.68580471
      219     0.00000018     0.31350782     0.68649200
      220     0.00000014     0.31232237     0.68767749
      221     0.00000007     0.31079501     0.68920493
      222     0.00000002     0.30902019     0.69097979
      223     0.00000001     0.30687337     0.69312662
      224     0.00000003     0.30438832     0.69561165
      225     0.00000005     0.30161301     0.69838694
      226     0.00000006     0.29861196     0.70138797
      227     0.00000009     0.29546817     0.70453175
      228     0.00000012     0.29228273     0.70771715
      229     0.00000012     0.28917592     0.71082396
      230     0.00000008     0.28628758     0.71371234
      231     0.00000002     0.28377695     0.71622303
      232     0.00000001     0.28182426     0.71817574
      233     0.00000009     0.28063148     0.71936843
      234     0.00000024     0.28042540     0.71957436
      235     0.00000036     0.28146414     0.71853550
      236     0.00000036     0.28405160     0.71594805
      237     0.00000023     0.28856196     0.71143781
      238     0.00000010     0.29548516     0.70451474
      239     0.00000011     0.30551554     0.69448435
      240     0.00000029     0.31972650     0.68027321
      241     0.00000050     0.33783895     0.66216055
      242     0.00000055     0.36091806     0.63908139
      243     0.00000041     0.39321912     0.60678048
      244     0.00000019     0.44172849     0.55827132
      245     0.00000009     0.52477716     0.47522275
      246     0.00000021     0.69289327     0.30710652
      247     0.00000042     0.68460591     0.31539367
      248     0.00000029     0.23858004     0.76141967
      249     0.00000016     0.12505848     0.87494136
      250     0.00000038     0.10496955     0.89503007
      251     0.00000064     0.09503039     0.90496896
      252     0.00000068     0.08715751     0.91284182
      253     0.00000049     0.07993390     0.92006561
      254     0.00000030     0.07294799     0.92705172
      255     0.00000024     0.06603909     0.93396066
      256     0.00000031     0.05915053     0.94084916
      257     0.00000037     0.05229737     0.94770226
      258     0.00000037     0.04556041     0.95443922
      259     0.00000037     0.03908901     0.96091063
      260     0.00000043     0.03310644     0.96689313
      261     0.00000052     0.02811685     0.97188263
      262     0.00000053     0.02436157     0.97563790
      263     0.00000042     0.02208162     0.97791796
      264     0.00000024     0.02188887     0.97811089
      265     0.00000016     0.02452132     0.97547851
      266     0.00000030     0.03085355     0.96914615
      267     0.00000059     0.04189667     0.95810273
      268     0.00000085     0.05877862     0.94122054
      269     0.00000085     0.08268147     0.91731768
      270     0.00000056     0.11469308     0.88530636
      271     0.00000017     0.15551640     0.84448342
      272     0.00000003     0.20498924     0.79501073
      273     0.00000035     0.26143720     0.73856245
      274     0.00000098     0.32111383     0.67888519
      275     0.00000145     0.37824023     0.62175832
      276     0.00000135     0.42615845     0.57384020
      277     0.00000074     0.45942526     0.54057400
      278     0.00000013     0.47568862     0.52431124
      279     0.00000004     0.47611424     0.52388572
      280     0.00000051     0.46429163     0.53570786
      281     0.00000109     0.44538085     0.55461806
      282     0.00000132     0.42361062     0.57638806
      283     0.00000108     0.40093868     0.59906024
      284     0.00000059     0.37928661     0.62071281
      285     0.00000017     0.35983084     0.64016899
      286     0.00000004     0.34317681     0.65682315
      287     0.00000023     0.32953210     0.67046767
      288     0.00000057     0.31883824     0.68116119
      289     0.00000088     0.31086823     0.68913088
      290     0.00000101     0.30529419     0.69470480
      291     0.00000089     0.30173145     0.69826766
      292     0.00000057     0.29976775     0.70023168
      293     0.00000021     0.29898331     0.70101648
      294     0.00000003     0.29896605     0.70103392
      295     0.00000019     0.29932416     0.70067565
      296     0.00000063     0.29969802     0.70030135
      297     0.00000112     0.29977092     0.70022796
      298     0.00000133     0.29928004     0.70071863
      299     0.00000111     0.29802488     0.70197401
      300     0.00000059     0.29587550     0.70412390
      301     0.00000010     0.29253271     0.70746719
      302     0.00000006     0.28790597     0.71209397
      303     0.00000058     0.28229211     0.71770731
      304     0.00000132     0.27586391     0.72413477
      305     0.00000179     0.26885237     0.73114583
      306     0.00000167     0.26152579     0.73847253
      307     0.00000105     0.25416860     0.74583034
      308     0.00000035     0.24706063     0.75293902
      309     0.00000001     0.24045810     0.75954189
      310     0.00000021     0.23457746     0.76542233
      311     0.00000077     0.22958358     0.77041565
      312     0.00000129     0.22558275     0.77441596
      313     0.00000144     0.22262017     0.77737839
      314     0.00000115     0.22068394     0.77931491
      315     0.00000065     0.21970990     0.78028946
      316     0.00000022     0.21959078     0.78040900
      317     0.00000007     0.22018699     0.77981293
      318     0.00000022     0.22133789     0.77866188
      319     0.00000052     0.22287280     0.77712668
      320     0.00000079     0.22462107     0.77537814
      321     0.00000094     0.22674145     0.77325762
      322     0.00000090     0.22920969     0.77078942
      323     0.00000069     0.23163235     0.76836696
      324     0.00000042     0.23389527     0.76610431
      325     0.00000018     0.23590423     0.76409559
      326     0.00000006     0.23758821     0.76241173
      327     0.00000013     0.23890177     0.76109810
      328     0.00000037     0.23982645     0.76017319
      329     0.00000069     0.24037240     0.75962691
      330     0.00000095     0.24057438     0.75942467
      331     0.00000099     0.24049387     0.75950513
      332     0.00000079     0.24021878     0.75978043
      333     0.00000043     0.23985707     0.76014249
      334     0.00000012     0.23953394     0.76046594
      335     0.00000003     0.23938670     0.76061327
      336     0.00000021     0.23955835     0.76044144
      337     0.00000055     0.24019047     0.75980899
      338     0.00000085     0.24141552     0.75858363
      339     0.00000096     0.24334798     0.75665106
      340     0.00000083     0.24607661     0.75392256
      341     0.00000049     0.25045629     0.74954322
      342     0.00000015     0.25663377     0.74336608
      343     0.00000001     0.26373196     0.73626804
      344     0.00000010     0.27162266     0.72837725
      345     0.00000034     0.28013597     0.71986369
      346     0.00000063     0.28906539     0.71093398
      347     0.00000085     0.29817597     0.70182318
      348     0.00000094     0.30721356     0.69278550
      349     0.00000086     0.31591469     0.68408445
      350     0.00000063     0.32401888     0.67598049
      351     0.00000033     0.33127980     0.66871988
      352     0.00000008     0.33747489     0.66252504
      353     0.00000001     0.34241378     0.65758621
      354     0.00000019     0.34594408     0.65405573
      355     0.00000059     0.34795419     0.65204522
      356     0.00000104     0.34837282     0.65162614
      357     0.00000132     0.34716814     0.65283054
      358     0.00000128     0.34434728     0.65565144
      359     0.00000092     0.33995175     0.66004733
      360     0.00000042     0.33405244     0.66594714
      361     0.00000005     0.32605798     0.67394197
      362     0.00000014     0.31592704     0.68407282
      363     0.00000069     0.30448780     0.69551150
      364     0.00000142     0.29192666     0.70807193
      365     0.00000188     0.27844431     0.72155381
      366     0.00000182     0.26425872     0.73573945
      367     0.00000126     0.24960869     0.75039004
      368     0.00000054     0.23475735     0.76524212
      369     0.00000006     0.21999762     0.78000233
      370     0.00000008     0.20565603     0.79434389
      371     0.00000056     0.19209518     0.80790427
      372     0.00000115     0.17971730     0.82028155
      373     0.00000145     0.16896088     0.83103767
      374     0.00000127     0.16029055     0.83970818
      375     0.00000073     0.15418311     0.84581616
      376     0.00000018     0.15110664     0.84889318
      377     0.00000001     0.15149314     0.84850685
      378     0.00000035     0.15570450     0.84429515
      379     0.00000101     0.16399411     0.83600488
      380     0.00000157     0.17647463     0.82352380
      381     0.00000167     0.19286691     0.80713142
      382     0.00000124     0.21283321     0.78716555
      383     0.00000056     0.23614297     0.76385648
      384     0.00000007     0.26219773     0.73780220
      385     0.00000012     0.29025570     0.70974418
      386     0.00000074     0.31947795     0.68052131
      387     0.00000159     0.34898116     0.65101725
      388     0.00000218     0.37789273     0.62210509
      389     0.00000218     0.40540029     0.59459753
      390     0.00000159     0.43079036     0.56920805
      391     0.00000076     0.45347670     0.54652253
      392     0.00000015     0.47301028     0.52698957
      393     0.00000007     0.48908330     0.51091664
      394     0.00000052     0.50151677     0.49848271
      395     0.00000122     0.51024248     0.48975630
      396     0.00000177     0.51529053     0.48470770
      397     0.00000190     0.51676560     0.48323250
      398     0.00000156     0.51482717     0.48517127
      399     0.00000095     0.50967435     0.49032471
      400     0.00000035     0.50152978     0.49846987
